scan_0012.mda
%xtal1A= Column: 1
%xtal2A= Column: 2
%xtal1T= Column: 3
%signal= Column: 4
-13313.6411297          -14388.7962407          300.767211914          0.0          
-13313.6411297          -14388.8810807          300.767211914          0.0          
-13313.6411297          -14388.9659207          300.767211914          0.0          
-13313.6411297          -14389.0507607          300.767364502          0.0          
-13313.6411297          -14389.1356007          300.767364502          0.0          
-13313.6411297          -14389.2204407          300.767364502          0.0          
-13313.6411297          -14389.2931607          300.767547607          0.0          
-13313.6411297          -14389.3780007          300.767547607          0.0          
-13313.6411297          -14389.4628407          300.767547607          0.0          
-13313.6411297          -14389.5476807          300.767883301          0.0          
-13313.6411297          -14389.6325207          300.767883301          0.0          
-13313.6411297          -14389.7173607          300.767883301          0.0          
-13313.6411297          -14389.8022007          300.768127441          0.0          
-13313.6411297          -14389.8870407          300.768127441          0.0          
-13313.6411297          -14389.9718807          300.768341064          0.0          
-13313.6411297          -14390.0567207          300.768341064          0.0          
-13313.6411297          -14390.1415607          300.768341064          0.0          
-13313.6411297          -14390.2264007          300.768432617          0.0          
-13313.6411297          -14390.3112407          300.768432617          0.0          
-13313.6411297          -14390.3960807          300.768432617          2.0          
-13313.6411297          -14390.4809207          300.768859863          0.0          
-13313.6411297          -14390.5657607          300.768859863          0.0          
-13313.6411297          -14390.6506007          300.768859863          0.0          
-13313.6411297          -14390.7354407          300.769012451          0.0          
-13313.6411297          -14390.8202807          300.769012451          0.0          
-13313.6411297          -14390.9051207          300.769012451          0.0          
-13313.6411297          -14390.9899607          300.769256592          0.0          
-13313.6411297          -14391.0626807          300.769256592          0.0          
-13313.6411297          -14391.1475207          300.769256592          0.0          
-13313.6411297          -14391.2323607          300.769317627          0.0          
-13313.6411297          -14391.3172007          300.769317627          1.0          
-13313.6411297          -14391.4020407          300.769500732          0.0          
-13313.6411297          -14391.4868807          300.769500732          0.0          
-13313.6411297          -14391.5717207          300.769500732          0.0          
-13313.6411297          -14391.6565607          300.769897461          0.0          
-13313.6411297          -14391.7414007          300.769897461          0.0          
-13313.6411297          -14391.8262407          300.769897461          0.0          
-13313.6411297          -14391.9110807          300.770019531          0.0          
-13313.6411297          -14391.9959207          300.770019531          0.0          
-13313.6411297          -14392.0807607          300.770019531          1.0          
-13313.6411297          -14392.1656007          300.770385742          1.0          
-13313.6411297          -14392.2504407          300.770385742          0.0          
-13313.6411297          -14392.3352807          300.770385742          0.0          
-13313.6411297          -14392.4201207          300.77041626          0.0          
-13313.6411297          -14392.5049607          300.77041626          1.0          
-13313.6411297          -14392.5898007          300.77041626          1.0          
-13313.6411297          -14392.6746407          300.770751953          1.0          
-13313.6411297          -14392.7594807          300.770751953          1.0          
-13313.6411297          -14392.8322007          300.770751953          0.0          
-13313.6411297          -14392.9170407          300.770874023          0.0          
-13313.6411297          -14393.0018807          300.770874023          0.0          
-13313.6411297          -14393.0867207          300.771087646          0.0          
-13313.6411297          -14393.1715607          300.771087646          0.0          
-13313.6411297          -14393.2564007          300.771087646          0.0          
-13313.6411297          -14393.3412407          300.771179199          0.0          
-13313.6411297          -14393.4260807          300.771179199          0.0          
-13313.6411297          -14393.5109207          300.771179199          0.0          
-13313.6411297          -14393.5957607          300.771392822          2.0          
-13313.6411297          -14393.6806007          300.771392822          0.0          
-13313.6411297          -14393.7654407          300.771392822          0.0          
-13313.6411297          -14393.8502807          300.771789551          0.0          
-13313.6411297          -14393.9351207          300.771789551          1.0          
-13313.6411297          -14394.0199607          300.771789551          0.0          
-13313.6411297          -14394.1048007          300.771850586          0.0          
-13313.6411297          -14394.1896407          300.771850586          0.0          
-13313.6411297          -14394.2744807          300.771850586          1.0          
-13313.6411297          -14394.3593207          300.772155762          1.0          
-13313.6411297          -14394.4441607          300.772155762          1.0          
-13313.6411297          -14394.5168807          300.772186279          0.0          
-13313.6411297          -14394.6017207          300.772186279          0.0          
-13313.6411297          -14394.6865607          300.772186279          0.0          
-13313.6411297          -14394.7714007          300.772583008          0.0          
-13313.6411297          -14394.8562407          300.772583008          1.0          
-13313.6411297          -14394.9410807          300.772583008          0.0          
-13313.6411297          -14395.0259207          300.772644043          0.0          
-13313.6411297          -14395.1107607          300.772644043          0.0          
-13313.6411297          -14395.1956007          300.772644043          0.0          
-13313.6411297          -14395.2804407          300.772918701          0.0          
-13313.6411297          -14395.3652807          300.772918701          0.0          
-13313.6411297          -14395.4501207          300.772918701          0.0          
-13313.6411297          -14395.5349607          300.773071289          0.0          
-13313.6411297          -14395.6198007          300.773071289          0.0          
-13313.6411297          -14395.7046407          300.773071289          0.0          
-13313.6411297          -14395.7894807          300.773284912          0.0          
-13313.6411297          -14395.8743207          300.773284912          1.0          
-13313.6411297          -14395.9591607          300.773406982          0.0          
-13313.6411297          -14396.0440007          300.773406982          0.0          
-13313.6411297          -14396.1288407          300.773406982          0.0          
-13313.6411297          -14396.2136807          300.773712158          0.0          
-13313.6411297          -14396.2864007          300.773712158          1.0          
-13313.6411297          -14396.3712407          300.773712158          0.0          
-13313.6411297          -14396.4560807          300.773834229          0.0          
-13313.6411297          -14396.5409207          300.773834229          1.0          
-13313.6411297          -14396.6257607          300.773834229          0.0          
-13313.6411297          -14396.7106007          300.774047852          1.0          
-13313.6411297          -14396.7954407          300.774047852          0.0          
-13313.6411297          -14396.8802807          300.774047852          1.0          
-13313.6411297          -14396.9651207          300.774261475          0.0          
-13313.6411297          -14397.0499607          300.774261475          1.0          
-13313.6411297          -14397.1348007          300.774261475          1.0          
-13313.6411297          -14397.2196407          300.774383545          0.0          
-13313.6411297          -14397.3044807          300.774383545          0.0          
-13313.6411297          -14397.3893207          300.774749756          0.0          
-13313.6411297          -14397.4741607          300.774749756          0.0          
-13313.6411297          -14397.5590007          300.774749756          2.0          
-13313.6411297          -14397.6438407          300.774902344          0.0          
-13313.6411297          -14397.7286807          300.774902344          1.0          
-13313.6411297          -14397.8135207          300.774902344          1.0          
-13313.6411297          -14397.8983607          300.774963379          0.0          
-13313.6411297          -14397.9832007          300.774963379          0.0          
-13313.6411297          -14398.0559207          300.774963379          0.0          
-13313.6411297          -14398.1407607          300.775085449          1.0          
-13313.6411297          -14398.2256007          300.775085449          0.0          
-13313.6411297          -14398.3104407          300.775085449          0.0          
-13313.6411297          -14398.3952807          300.775390625          0.0          
-13313.6411297          -14398.4801207          300.775390625          0.0          
-13313.6411297          -14398.5649607          300.775390625          0.0          
-13313.6411297          -14398.6498007          300.775665283          0.0          
-13313.6411297          -14398.7346407          300.775665283          0.0          
-13313.6411297          -14398.8194807          300.775970459          0.0          
-13313.6411297          -14398.9043207          300.775970459          1.0          
-13313.6411297          -14398.9891607          300.775970459          2.0          
-13313.6411297          -14399.0740007          300.775909424          1.0          
-13313.6411297          -14399.1588407          300.775909424          1.0          
-13313.6411297          -14399.2436807          300.775909424          0.0          
-13313.6411297          -14399.3285207          300.776184082          0.0          
-13313.6411297          -14399.4133607          300.776184082          0.0          
-13313.6411297          -14399.4982007          300.776184082          0.0          
-13313.6411297          -14399.5830407          300.77633667          1.0          
-13313.6411297          -14399.6678807          300.77633667          2.0          
-13313.6411297          -14399.7406007          300.77633667          0.0          
-13313.6411297          -14399.8254407          300.776519775          1.0          
-13313.6411297          -14399.9102807          300.776519775          0.0          
-13313.6411297          -14399.9951207          300.776519775          0.0          
-13313.6411297          -14400.0799607          300.776824951          0.0          
-13313.6411297          -14400.1648007          300.776824951          0.0          
-13313.6411297          -14400.2496407          300.776824951          0.0          
-13313.6411297          -14400.3344807          300.776947021          0.0          
-13313.6411297          -14400.4193207          300.776947021          0.0          
-13313.6411297          -14400.5041607          300.777099609          0.0          
-13313.6411297          -14400.5890007          300.777099609          1.0          
-13313.6411297          -14400.6738407          300.777099609          0.0          
-13313.6411297          -14400.7586807          300.777282715          0.0          
-13313.6411297          -14400.8435207          300.777282715          0.0          
-13313.6411297          -14400.9283607          300.777282715          1.0          
-13313.6411297          -14401.0132007          300.777282715          0.0          
-13313.6411297          -14401.0980407          300.777282715          2.0          
-13313.6411297          -14401.1828807          300.777282715          1.0          
-13313.6411297          -14401.2677207          300.777526855          2.0          
-13313.6411297          -14401.3525607          300.777526855          0.0          
-13313.6411297          -14401.4374007          300.777526855          2.0          
-13313.6411297          -14401.5101207          300.777648926          1.0          
-13313.6411297          -14401.5949607          300.777648926          0.0          
-13313.6411297          -14401.6798007          300.777648926          1.0          
-13313.6411297          -14401.7646407          300.778167725          1.0          
-13313.6411297          -14401.8494807          300.778167725          0.0          
-13313.6411297          -14401.9343207          300.778259277          1.0          
-13313.6411297          -14402.0191607          300.778259277          1.0          
-13313.6411297          -14402.1040007          300.778259277          0.0          
-13313.6411297          -14402.1888407          300.778381348          1.0          
-13313.6411297          -14402.2736807          300.778381348          0.0          
-13313.6411297          -14402.3585207          300.778381348          0.0          
-13313.6411297          -14402.4433607          300.778594971          0.0          
-13313.6411297          -14402.5282007          300.778594971          0.0          
-13313.6411297          -14402.6130407          300.778594971          2.0          
-13313.6411297          -14402.6978807          300.778686523          1.0          
-13313.6411297          -14402.7827207          300.778686523          0.0          
-13313.6411297          -14402.8675607          300.778686523          2.0          
-13313.6411297          -14402.9524007          300.779022217          0.0          
-13313.6411297          -14403.0372407          300.779022217          0.0          
-13313.6411297          -14403.1220807          300.779022217          0.0          
-13313.6411297          -14403.2069207          300.779174805          0.0          
-13313.6411297          -14403.2796407          300.779174805          1.0          
-13313.6411297          -14403.3644807          300.77923584          1.0          
-13313.6411297          -14403.4493207          300.77923584          0.0          
-13313.6411297          -14403.5341607          300.77923584          2.0          
-13313.6411297          -14403.6190007          300.77947998          1.0          
-13313.6411297          -14403.7038407          300.77947998          2.0          
-13313.6411297          -14403.7886807          300.77947998          2.0          
-13313.6411297          -14403.8735207          300.779602051          1.0          
-13313.6411297          -14403.9583607          300.779602051          2.0          
-13313.6411297          -14404.0432007          300.779602051          2.0          
-13313.6411297          -14404.1280407          300.779907227          2.0          
-13313.6411297          -14404.2128807          300.779907227          1.0          
-13313.6411297          -14404.2977207          300.779907227          1.0          
-13313.6411297          -14404.3825607          300.779937744          1.0          
-13313.6411297          -14404.4674007          300.779937744          1.0          
-13313.6411297          -14404.5522407          300.779937744          2.0          
-13313.6411297          -14404.6370807          300.780090332          1.0          
-13313.6411297          -14404.7219207          300.780090332          1.0          
-13313.6411297          -14404.8067607          300.780395508          2.0          
-13313.6411297          -14404.8916007          300.780395508          0.0          
-13313.6411297          -14404.9643207          300.780395508          0.0          
-13313.6411297          -14405.0491607          300.780487061          1.0          
-13313.6411297          -14405.1340007          300.780487061          2.0          
-13313.6411297          -14405.2188407          300.780487061          3.0          
-13313.6411297          -14405.3036807          300.780792236          1.0          
-13313.6411297          -14405.3885207          300.780792236          2.0          
-13313.6411297          -14405.4733607          300.780792236          4.0          
-13313.6411297          -14405.5582007          300.780822754          1.0          
-13313.6411297          -14405.6430407          300.780822754          2.0          
-13313.6411297          -14405.7278807          300.780822754          4.0          
-13313.6411297          -14405.8127207          300.780944824          5.0          
-13313.6411297          -14405.8975607          300.780944824          1.0          
-13313.6411297          -14405.9824007          300.780944824          3.0          
-13313.6411297          -14406.0672407          300.780914307          5.0          
-13313.6411297          -14406.1520807          300.780914307          4.0          
-13313.6411297          -14406.2369207          300.781311035          4.0          
-13313.6411297          -14406.3217607          300.781311035          5.0          
-13313.6411297          -14406.4066007          300.781311035          5.0          
-13313.6411297          -14406.4914407          300.781463623          1.0          
-13313.6411297          -14406.5762807          300.781463623          3.0          
-13313.6411297          -14406.6611207          300.781463623          2.0          
-13313.6411297          -14406.7338407          300.781768799          0.0          
-13313.6411297          -14406.8186807          300.781768799          8.0          
-13313.6411297          -14406.9035207          300.781768799          4.0          
-13313.6411297          -14406.9883607          300.781921387          1.0          
-13313.6411297          -14407.0732007          300.781921387          3.0          
-13313.6411297          -14407.1580407          300.781921387          6.0          
-13313.6411297          -14407.2428807          300.782073975          7.0          
-13313.6411297          -14407.3277207          300.782073975          2.0          
-13313.6411297          -14407.4125607          300.782073975          4.0          
-13313.6411297          -14407.4974007          300.782287598          6.0          
-13313.6411297          -14407.5822407          300.782287598          5.0          
-13313.6411297          -14407.6670807          300.782287598          3.0          
-13313.6411297          -14407.7519207          300.782348633          8.0          
-13313.6411297          -14407.8367607          300.782348633          6.0          
-13313.6411297          -14407.9216007          300.782348633          7.0          
-13313.6411297          -14408.0064407          300.782348633          3.0          
-13313.6411297          -14408.0912807          300.782348633          8.0          
-13313.6411297          -14408.1761207          300.782531738          6.0          
-13313.6411297          -14408.2609607          300.782531738          4.0          
-13313.6411297          -14408.3458007          300.782531738          11.0          
-13313.6411297          -14408.4306407          300.782989502          7.0          
-13313.6411297          -14408.5033607          300.782989502          4.0          
-13313.6411297          -14408.5882007          300.782989502          12.0          
-13313.6411297          -14408.6730407          300.783081055          6.0          
-13313.6411297          -14408.7578807          300.783081055          6.0          
-13313.6411297          -14408.8427207          300.783081055          5.0          
-13313.6411297          -14408.9275607          300.783111572          2.0          
-13313.6411297          -14409.0124007          300.783111572          8.0          
-13313.6411297          -14409.0972407          300.783111572          6.0          
-13313.6411297          -14409.1820807          300.78338623          5.0          
-13313.6411297          -14409.2669207          300.78338623          1.0          
-13313.6411297          -14409.3517607          300.783569336          2.0          
-13313.6411297          -14409.4366007          300.783569336          2.0          
-13313.6411297          -14409.5214407          300.783569336          6.0          
-13313.6411297          -14409.6062807          300.783660889          5.0          
-13313.6411297          -14409.6911207          300.783660889          2.0          
-13313.6411297          -14409.7759607          300.783660889          5.0          
-13313.6411297          -14409.8608007          300.783996582          10.0          
-13313.6411297          -14409.9456407          300.783996582          5.0          
-13313.6411297          -14410.0304807          300.783996582          5.0          
-13313.6411297          -14410.1153207          300.784088135          6.0          
-13313.6411297          -14410.1880407          300.784088135          6.0          
-13313.6411297          -14410.2728807          300.784088135          10.0          
-13313.6411297          -14410.3577207          300.78414917          3.0          
-13313.6411297          -14410.4425607          300.78414917          8.0          
-13313.6411297          -14410.5274007          300.78414917          6.0          
-13313.6411297          -14410.6122407          300.784301758          12.0          
-13313.6411297          -14410.6970807          300.784301758          15.0          
-13313.6411297          -14410.7819207          300.784515381          15.0          
-13313.6411297          -14410.8667607          300.784515381          10.0          
-13313.6411297          -14410.9516007          300.784515381          15.0          
-13313.6411297          -14411.0364407          300.784484863          19.0          
-13313.6411297          -14411.1212807          300.784484863          15.0          
-13313.6411297          -14411.2061207          300.784484863          28.0          
-13313.6411297          -14411.2909607          300.784851074          31.0          
-13313.6411297          -14411.3758007          300.784851074          19.0          
-13313.6411297          -14411.4606407          300.784851074          31.0          
-13313.6411297          -14411.5454807          300.785095215          26.0          
-13313.6411297          -14411.6303207          300.785095215          28.0          
-13313.6411297          -14411.7151607          300.785095215          24.0          
-13313.6411297          -14411.8000007          300.785095215          32.0          
-13313.6411297          -14411.8848407          300.785095215          32.0          
-13313.6411297          -14411.9575607          300.785095215          32.0          
-13313.6411297          -14412.0424007          300.785369873          31.0          
-13313.6411297          -14412.1272407          300.785369873          38.0          
-13313.6411297          -14412.2120807          300.785369873          20.0          
-13313.6411297          -14412.2969207          300.785369873          30.0          
-13313.6411297          -14412.3817607          300.785369873          25.0          
-13313.6411297          -14412.4666007          300.785614014          22.0          
-13313.6411297          -14412.5514407          300.785614014          24.0          
-13313.6411297          -14412.6362807          300.785614014          26.0          
-13313.6411297          -14412.7211207          300.785675049          17.0          
-13313.6411297          -14412.8059607          300.785675049          21.0          
-13313.6411297          -14412.8908007          300.785675049          25.0          
-13313.6411297          -14412.9756407          300.785736084          20.0          
-13313.6411297          -14413.0604807          300.785736084          24.0          
-13313.6411297          -14413.1453207          300.785736084          32.0          
-13313.6411297          -14413.2301607          300.78604126          23.0          
-13313.6411297          -14413.3150007          300.78604126          11.0          
-13313.6411297          -14413.3998407          300.78604126          23.0          
-13313.6411297          -14413.4846807          300.786102295          18.0          
-13313.6411297          -14413.5695207          300.786102295          10.0          
-13313.6411297          -14413.6543607          300.786102295          24.0          
-13313.6411297          -14413.7270807          300.786346436          25.0          
-13313.6411297          -14413.8119207          300.786346436          12.0          
-13313.6411297          -14413.8967607          300.786437988          22.0          
-13313.6411297          -14413.9816007          300.786437988          15.0          
-13313.6411297          -14414.0664407          300.786437988          24.0          
-13313.6411297          -14414.1512807          300.786560059          25.0          
-13313.6411297          -14414.2361207          300.786560059          16.0          
-13313.6411297          -14414.3209607          300.786560059          14.0          
-13313.6411297          -14414.4058007          300.786682129          15.0          
-13313.6411297          -14414.4906407          300.786682129          22.0          
-13313.6411297          -14414.5754807          300.786682129          18.0          
-13313.6411297          -14414.6603207          300.786773682          19.0          
-13313.6411297          -14414.7451607          300.786773682          25.0          
-13313.6411297          -14414.8300007          300.786773682          32.0          
-13313.6411297          -14414.9148407          300.78704834          37.0          
-13313.6411297          -14414.9996807          300.78704834          42.0          
-13313.6411297          -14415.0845207          300.78704834          62.0          
-13313.6411297          -14415.1693607          300.787078857          63.0          
-13313.6411297          -14415.2542007          300.787078857          92.0          
-13313.6411297          -14415.3390407          300.787231445          146.0          
-13313.6411297          -14415.4117607          300.787231445          216.0          
-13313.6411297          -14415.4966007          300.787231445          405.0          
-13313.6411297          -14415.5814407          300.787658691          696.0          
-13313.6411297          -14415.6662807          300.787658691          832.0          
-13313.6411297          -14415.7511207          300.787658691          843.0          
-13313.6411297          -14415.8359607          300.787658691          618.0          
-13313.6411297          -14415.9208007          300.787658691          381.0          
-13313.6411297          -14416.0056407          300.787658691          178.0          
-13313.6411297          -14416.0904807          300.787689209          102.0          
-13313.6411297          -14416.1753207          300.787689209          85.0          
-13313.6411297          -14416.2601607          300.787689209          64.0          
-13313.6411297          -14416.3450007          300.787811279          42.0          
-13313.6411297          -14416.4298407          300.787811279          42.0          
-13313.6411297          -14416.5146807          300.787811279          40.0          
-13313.6411297          -14416.5995207          300.788299561          40.0          
-13313.6411297          -14416.6843607          300.788299561          33.0          
-13313.6411297          -14416.7692007          300.788024902          20.0          
-13313.6411297          -14416.8540407          300.788024902          21.0          
-13313.6411297          -14416.9388807          300.788024902          25.0          
-13313.6411297          -14417.0237207          300.788574219          22.0          
-13313.6411297          -14417.1085607          300.788574219          20.0          
-13313.6411297          -14417.1812807          300.788574219          18.0          
-13313.6411297          -14417.2661207          300.788452148          22.0          
-13313.6411297          -14417.3509607          300.788452148          17.0          
-13313.6411297          -14417.4358007          300.788452148          20.0          
-13313.6411297          -14417.5206407          300.788574219          21.0          
-13313.6411297          -14417.6054807          300.788574219          25.0          
-13313.6411297          -14417.6903207          300.788574219          31.0          
-13313.6411297          -14417.7751607          300.788848877          21.0          
-13313.6411297          -14417.8600007          300.788848877          24.0          
-13313.6411297          -14417.9448407          300.788848877          28.0          
-13313.6411297          -14418.0296807          300.789001465          19.0          
-13313.6411297          -14418.1145207          300.789001465          32.0          
-13313.6411297          -14418.1993607          300.789215088          33.0          
-13313.6411297          -14418.2842007          300.789215088          28.0          
-13313.6411297          -14418.3690407          300.789215088          40.0          
-13313.6411297          -14418.4538807          300.789245605          33.0          
-13313.6411297          -14418.5387207          300.789245605          29.0          
-13313.6411297          -14418.6235607          300.789245605          24.0          
-13313.6411297          -14418.7084007          300.789306641          32.0          
-13313.6411297          -14418.7932407          300.789306641          35.0          
-13313.6411297          -14418.8780807          300.789306641          37.0          
-13313.6411297          -14418.9508007          300.789581299          30.0          
-13313.6411297          -14419.0356407          300.789581299          48.0          
-13313.6411297          -14419.1204807          300.789581299          56.0          
-13313.6411297          -14419.2053207          300.789520264          51.0          
-13313.6411297          -14419.2901607          300.789520264          67.0          
-13313.6411297          -14419.3750007          300.789520264          65.0          
-13313.6411297          -14419.4598407          300.789825439          48.0          
-13313.6411297          -14419.5446807          300.789825439          46.0          
-13313.6411297          -14419.6295207          300.789855957          45.0          
-13313.6411297          -14419.7143607          300.789855957          53.0          
-13313.6411297          -14419.7992007          300.789855957          46.0          
-13313.6411297          -14419.8840407          300.789978027          50.0          
-13313.6411297          -14419.9688807          300.789978027          47.0          
-13313.6411297          -14420.0537207          300.789978027          51.0          
-13313.6411297          -14420.1385607          300.790130615          37.0          
-13313.6411297          -14420.2234007          300.790130615          35.0          
-13313.6411297          -14420.3082407          300.790130615          35.0          
-13313.6411297          -14420.3930807          300.790344238          32.0          
-13313.6411297          -14420.4779207          300.790344238          31.0          
-13313.6411297          -14420.5627607          300.790344238          16.0          
-13313.6411297          -14420.6354807          300.790344238          13.0          
-13313.6411297          -14420.7203207          300.790344238          11.0          
-13313.6411297          -14420.8051607          300.790344238          22.0          
-13313.6411297          -14420.8900007          300.790557861          22.0          
-13313.6411297          -14420.9748407          300.790557861          13.0          
-13313.6411297          -14421.0596807          300.790679932          13.0          
-13313.6411297          -14421.1445207          300.790679932          12.0          
-13313.6411297          -14421.2293607          300.790679932          11.0          
-13313.6411297          -14421.3142007          300.790893555          9.0          
-13313.6411297          -14421.3990407          300.790893555          10.0          
-13313.6411297          -14421.4838807          300.790893555          13.0          
-13313.6411297          -14421.5687207          300.790985107          10.0          
-13313.6411297          -14421.6535607          300.790985107          12.0          
-13313.6411297          -14421.7384007          300.790985107          15.0          
-13313.6411297          -14421.8232407          300.790985107          11.0          
-13313.6411297          -14421.9080807          300.790985107          15.0          
-13313.6411297          -14421.9929207          300.790985107          10.0          
-13313.6411297          -14422.0777607          300.791320801          11.0          
-13313.6411297          -14422.1626007          300.791320801          14.0          
-13313.6411297          -14422.2474407          300.791320801          7.0          
-13313.6411297          -14422.3322807          300.791442871          11.0          
-13313.6411297          -14422.4050007          300.791442871          6.0          
-13313.6411297          -14422.4898407          300.791442871          13.0          
-13313.6411297          -14422.5746807          300.791442871          12.0          
-13313.6411297          -14422.6595207          300.791442871          13.0          
-13313.6411297          -14422.7443607          300.791595459          15.0          
-13313.6411297          -14422.8292007          300.791595459          14.0          
-13313.6411297          -14422.9140407          300.791595459          18.0          
-13313.6411297          -14422.9988807          300.791717529          10.0          
-13313.6411297          -14423.0837207          300.791717529          22.0          
-13313.6411297          -14423.1685607          300.791717529          15.0          
-13313.6411297          -14423.2534007          300.791900635          10.0          
-13313.6411297          -14423.3382407          300.791900635          11.0          
-13313.6411297          -14423.4230807          300.791900635          20.0          
-13313.6411297          -14423.5079207          300.791931152          8.0          
-13313.6411297          -14423.5927607          300.791931152          10.0          
-13313.6411297          -14423.6776007          300.791931152          9.0          
-13313.6411297          -14423.7624407          300.792327881          11.0          
-13313.6411297          -14423.8472807          300.792327881          13.0          
-13313.6411297          -14423.9321207          300.792327881          14.0          
-13313.6411297          -14424.0169607          300.792449951          10.0          
-13313.6411297          -14424.0896807          300.792449951          8.0          
-13313.6411297          -14424.1745207          300.792480469          12.0          
-13313.6411297          -14424.2593607          300.792480469          8.0          
-13313.6411297          -14424.3442007          300.792480469          6.0          
-13313.6411297          -14424.4290407          300.792694092          9.0          
-13313.6411297          -14424.5138807          300.792694092          10.0          
-13313.6411297          -14424.5987207          300.792694092          5.0          
-13313.6411297          -14424.6835607          300.792785645          9.0          
-13313.6411297          -14424.7684007          300.792785645          5.0          
-13313.6411297          -14424.8532407          300.792785645          7.0          
-13313.6411297          -14424.9380807          300.792938232          9.0          
-13313.6411297          -14425.0229207          300.792938232          5.0          
-13313.6411297          -14425.1077607          300.792938232          12.0          
-13313.6411297          -14425.1926007          300.793182373          6.0          
-13313.6411297          -14425.2774407          300.793182373          5.0          
-13313.6411297          -14425.3622807          300.793182373          11.0          
-13313.6411297          -14425.4471207          300.793212891          9.0          
-13313.6411297          -14425.5319607          300.793212891          12.0          
-13313.6411297          -14425.6168007          300.793334961          7.0          
-13313.6411297          -14425.7016407          300.793334961          13.0          
-13313.6411297          -14425.7864807          300.793334961          13.0          
-13313.6411297          -14425.8592007          300.793548584          5.0          
-13313.6411297          -14425.9440407          300.793548584          7.0          
-13313.6411297          -14426.0288807          300.793548584          6.0          
-13313.6411297          -14426.1137207          300.793640137          4.0          
-13313.6411297          -14426.1985607          300.793640137          6.0          
-13313.6411297          -14426.2834007          300.793640137          6.0          
-13313.6411297          -14426.3682407          300.793701172          10.0          
-13313.6411297          -14426.4530807          300.793701172          3.0          
-13313.6411297          -14426.5379207          300.793701172          3.0          
-13313.6411297          -14426.6227607          300.79385376          5.0          
-13313.6411297          -14426.7076007          300.79385376          3.0          
-13313.6411297          -14426.7924407          300.79385376          3.0          
-13313.6411297          -14426.8772807          300.794006348          6.0          
-13313.6411297          -14426.9621207          300.794006348          3.0          
-13313.6411297          -14427.0469607          300.794067383          6.0          
-13313.6411297          -14427.1318007          300.794067383          5.0          
-13313.6411297          -14427.2166407          300.794067383          5.0          
-13313.6411297          -14427.3014807          300.794128418          7.0          
-13313.6411297          -14427.3863207          300.794128418          1.0          
-13313.6411297          -14427.4711607          300.794128418          2.0          
-13313.6411297          -14427.5560007          300.794219971          1.0          
-13313.6411297          -14427.6287207          300.794219971          2.0          
-13313.6411297          -14427.7135607          300.794219971          3.0          
-13313.6411297          -14427.7984007          300.794555664          2.0          
-13313.6411297          -14427.8832407          300.794555664          6.0          
-13313.6411297          -14427.9680807          300.794555664          2.0          
-13313.6411297          -14428.0529207          300.794769287          5.0          
-13313.6411297          -14428.1377607          300.794769287          4.0          
-13313.6411297          -14428.2226007          300.794769287          3.0          
-13313.6411297          -14428.3074407          300.794799805          1.0          
-13313.6411297          -14428.3922807          300.794799805          5.0          
-13313.6411297          -14428.4771207          300.794799805          4.0          
-13313.6411297          -14428.5619607          300.79473877          5.0          
-13313.6411297          -14428.6468007          300.79473877          1.0          
-13313.6411297          -14428.7316407          300.795074463          3.0          
-13313.6411297          -14428.8164807          300.795074463          1.0          
-13313.6411297          -14428.9013207          300.795074463          4.0          
-13313.6411297          -14428.9861607          300.795074463          3.0          
-13313.6411297          -14429.0710007          300.795074463          0.0          
-13313.6411297          -14429.1558407          300.795074463          4.0          
-13313.6411297          -14429.2406807          300.795135498          2.0          
-13313.6411297          -14429.3134007          300.795135498          4.0          
-13313.6411297          -14429.3982407          300.795135498          3.0          
-13313.6411297          -14429.4830807          300.795440674          1.0          
-13313.6411297          -14429.5679207          300.795440674          3.0          
-13313.6411297          -14429.6527607          300.795440674          3.0          
-13313.6411297          -14429.7376007          300.795532227          2.0          
-13313.6411297          -14429.8224407          300.795532227          3.0          
-13313.6411297          -14429.9072807          300.795532227          2.0          
-13313.6411297          -14429.9921207          300.795806885          2.0          
-13313.6411297          -14430.0769607          300.795806885          4.0          
-13313.6411297          -14430.1618007          300.79574585          2.0          
-13313.6411297          -14430.2466407          300.79574585          2.0          
-13313.6411297          -14430.3314807          300.79574585          5.0          
-13313.6411297          -14430.4163207          300.796112061          1.0          
-13313.6411297          -14430.5011607          300.796112061          3.0          
-13313.6411297          -14430.5860007          300.796112061          2.0          
-13313.6411297          -14430.6708407          300.796020508          3.0          
-13313.6411297          -14430.7556807          300.796020508          1.0          
-13313.6411297          -14430.8405207          300.796020508          2.0          
-13313.6411297          -14430.9253607          300.796142578          2.0          
-13313.6411297          -14431.0102007          300.796142578          2.0          
-13313.6411297          -14431.0829207          300.796142578          2.0          
-13313.6411297          -14431.1677607          300.796447754          0.0          
-13313.6411297          -14431.2526007          300.796447754          0.0          
-13313.6411297          -14431.3374407          300.796447754          3.0          
-13313.6411297          -14431.4222807          300.796508789          1.0          
-13313.6411297          -14431.5071207          300.796508789          0.0          
-13313.6411297          -14431.5919607          300.796539307          2.0          
-13313.6411297          -14431.6768007          300.796539307          0.0          
-13313.6411297          -14431.7616407          300.796539307          2.0          
-13313.6411297          -14431.8464807          300.796600342          2.0          
-13313.6411297          -14431.9313207          300.796600342          1.0          
-13313.6411297          -14432.0161607          300.796600342          2.0          
-13313.6411297          -14432.1010007          300.796722412          1.0          
-13313.6411297          -14432.1858407          300.796722412          1.0          
-13313.6411297          -14432.2706807          300.796722412          0.0          
-13313.6411297          -14432.3555207          300.796875          0.0          
-13313.6411297          -14432.4403607          300.796875          0.0          
-13313.6411297          -14432.5252007          300.796875          1.0          
-13313.6411297          -14432.6100407          300.797027588          2.0          
-13313.6411297          -14432.6948807          300.797027588          1.0          
-13313.6411297          -14432.7797207          300.797027588          1.0          
-13313.6411297          -14432.8524407          300.797332764          1.0          
-13313.6411297          -14432.9372807          300.797332764          2.0          
-13313.6411297          -14433.0221207          300.797515869          0.0          
-13313.6411297          -14433.1069607          300.797515869          1.0          
-13313.6411297          -14433.1918007          300.797515869          1.0          
-13313.6411297          -14433.2766407          300.797515869          0.0          
-13313.6411297          -14433.3614807          300.797515869          1.0          
-13313.6411297          -14433.4463207          300.797515869          1.0          
-13313.6411297          -14433.5311607          300.797637939          2.0          
-13313.6411297          -14433.6160007          300.797637939          0.0          
-13313.6411297          -14433.7008407          300.797637939          4.0          
-13313.6411297          -14433.7856807          300.797698975          0.0          
-13313.6411297          -14433.8705207          300.797698975          1.0          
-13313.6411297          -14433.9553607          300.797698975          0.0          
-13313.6411297          -14434.0402007          300.797790527          0.0          
-13313.6411297          -14434.1250407          300.797790527          1.0          
-13313.6411297          -14434.2098807          300.797790527          0.0          
-13313.6411297          -14434.2947207          300.79800415          1.0          
-13313.6411297          -14434.3795607          300.79800415          1.0          
-13313.6411297          -14434.4644007          300.79800415          1.0          
-13313.6411297          -14434.5371207          300.798126221          0.0          
-13313.6411297          -14434.6219607          300.798126221          0.0          
-13313.6411297          -14434.7068007          300.798248291          0.0          
-13313.6411297          -14434.7916407          300.798248291          0.0          
-13313.6411297          -14434.8764807          300.798248291          1.0          
-13313.6411297          -14434.9613207          300.798278809          0.0          
-13313.6411297          -14435.0461607          300.798278809          0.0          
-13313.6411297          -14435.1310007          300.798278809          0.0          
-13313.6411297          -14435.2158407          300.798522949          2.0          
-13313.6411297          -14435.3006807          300.798522949          0.0          
-13313.6411297          -14435.3855207          300.798522949          0.0          
-13313.6411297          -14435.4703607          300.798431396          0.0          
-13313.6411297          -14435.5552007          300.798431396          0.0          
-13313.6411297          -14435.6400407          300.798431396          0.0          
-13313.6411297          -14435.7248807          300.798522949          1.0          
-13313.6411297          -14435.8097207          300.798522949          0.0          
-13313.6411297          -14435.8945607          300.798522949          2.0          
-13313.6411297          -14435.9794007          300.798858643          2.0          
-13313.6411297          -14436.0642407          300.798858643          0.0          
-13313.6411297          -14436.1490807          300.799041748          0.0          
-13313.6411297          -14436.2339207          300.799041748          0.0          
-13313.6411297          -14436.3066407          300.799041748          0.0          
-13313.6411297          -14436.3914807          300.798950195          0.0          
-13313.6411297          -14436.4763207          300.798950195          1.0          
-13313.6411297          -14436.5611607          300.798950195          0.0          
-13313.6411297          -14436.6460007          300.799072266          0.0          
-13313.6411297          -14436.7308407          300.799072266          2.0          
-13313.6411297          -14436.8156807          300.799072266          0.0          
-13313.6411297          -14436.9005207          300.799072266          0.0          
-13313.6411297          -14436.9853607          300.799072266          0.0          
-13313.6411297          -14437.0702007          300.799072266          0.0          
-13313.6411297          -14437.1550407          300.799438477          1.0          
-13313.6411297          -14437.2398807          300.799438477          1.0          
-13313.6411297          -14437.3247207          300.799438477          1.0          
-13313.6411297          -14437.4095607          300.799530029          0.0          
-13313.6411297          -14437.4944007          300.799530029          1.0          
-13313.6411297          -14437.5792407          300.799682617          1.0          
-13313.6411297          -14437.6640807          300.799682617          0.0          
-13313.6411297          -14437.7489207          300.799682617          0.0          
-13313.6411297          -14437.8337607          300.799743652          0.0          
-13313.6411297          -14437.9186007          300.799743652          0.0          
-13313.6411297          -14437.9913207          300.799743652          1.0          
-13313.6411297          -14438.0761607          300.799682617          0.0          
-13313.6411297          -14438.1610007          300.799682617          2.0          
-13313.6411297          -14438.2458407          300.799682617          1.0          
-13313.6411297          -14438.3306807          300.800018311          0.0          
-13313.6411297          -14438.4155207          300.800018311          0.0          
-13313.6411297          -14438.5003607          300.800018311          1.0          
-13313.6411297          -14438.5852007          300.800109863          0.0          
-13313.6411297          -14438.6700407          300.800109863          1.0          
-13313.6411297          -14438.7548807          300.800109863          0.0          
-13313.6411297          -14438.8397207          300.800170898          1.0          
-13313.6411297          -14438.9245607          300.800170898          0.0          
-13313.6411297          -14439.0094007          300.800262451          1.0          
-13313.6411297          -14439.0942407          300.800262451          0.0          
-13313.6411297          -14439.1790807          300.800262451          2.0          
-13313.6411297          -14439.2639207          300.800415039          2.0          
-13313.6411297          -14439.3487607          300.800415039          0.0          
-13313.6411297          -14439.4336007          300.800415039          0.0          
-13313.6411297          -14439.5184407          300.80065918          0.0          
-13313.6411297          -14439.6032807          300.80065918          0.0          
-13313.6411297          -14439.6881207          300.80065918          0.0          
-13313.6411297          -14439.7608407          300.800537109          0.0          
-13313.6411297          -14439.8456807          300.800537109          0.0          
-13313.6411297          -14439.9305207          300.800537109          0.0          
-13313.6411297          -14440.0153607          300.800842285          0.0          
-13313.6411297          -14440.1002007          300.800842285          0.0          
-13313.6411297          -14440.1850407          300.800842285          0.0          
-13313.6411297          -14440.2698807          300.800872803          1.0          
-13313.6411297          -14440.3547207          300.800872803          0.0          
-13313.6411297          -14440.4395607          300.801025391          1.0          
-13313.6411297          -14440.5244007          300.801025391          0.0          
-13313.6411297          -14440.6092407          300.801025391          1.0          
-13313.6411297          -14440.6940807          300.801177979          0.0          
-13313.6411297          -14440.7789207          300.801177979          0.0          
-13313.6411297          -14440.8637607          300.801177979          0.0          
-13313.6411297          -14440.9486007          300.801208496          0.0          
-13313.6411297          -14441.0334407          300.801208496          1.0          
-13313.6411297          -14441.1182807          300.801208496          0.0          
-13313.6411297          -14441.2031207          300.801422119          0.0          
-13313.6411297          -14441.2879607          300.801422119          0.0          
-13313.6411297          -14441.3728007          300.801422119          0.0          
-13313.6411297          -14441.4576407          300.801452637          0.0          
-13313.6411297          -14441.5303607          300.801452637          0.0          
-13313.6411297          -14441.6152007          300.801452637          0.0          
-13313.6411297          -14441.7000407          300.801605225          1.0          
-13313.6411297          -14441.7848807          300.801605225          1.0          
-13313.6411297          -14441.8697207          300.801605225          1.0          
-13313.6411297          -14441.9545607          300.80166626          0.0          
-13313.6411297          -14442.0394007          300.80166626          1.0          
-13313.6411297          -14442.1242407          300.801818848          0.0          
-13313.6411297          -14442.2090807          300.801818848          0.0          
-13313.6411297          -14442.2939207          300.801818848          0.0          
-13313.6411297          -14442.3787607          300.802062988          0.0          
-13313.6411297          -14442.4636007          300.802062988          0.0          
-13313.6411297          -14442.5484407          300.802062988          0.0          
-13313.6411297          -14442.6332807          300.802093506          2.0          
-13313.6411297          -14442.7181207          300.802093506          0.0          
