scan_0008.mda
%xtal1A= Column: 1
%signal= Column: 2
-13312.6472897          0.0          
-13312.6472897          0.0          
-13312.6472897          0.0          
-13312.6472897          0.0          
-13312.6472897          0.0          
-13312.6472897          0.0          
-13312.6472897          1.0          
-13312.6472897          1.0          
-13312.6472897          0.0          
-13312.6472897          1.0          
-13312.6472897          0.0          
-13312.6472897          1.0          
-13312.6472897          1.0          
-13312.6472897          1.0          
-13312.6472897          0.0          
-13312.6472897          0.0          
-13312.6472897          0.0          
-13312.6472897          0.0          
-13312.6472897          0.0          
-13312.6472897          1.0          
-13312.6472897          1.0          
-13312.6472897          0.0          
-13312.6472897          0.0          
-13312.6472897          0.0          
-13312.6472897          0.0          
-13312.6472897          0.0          
-13312.6472897          0.0          
-13312.6472897          1.0          
-13312.6472897          0.0          
-13312.6472897          0.0          
-13312.6472897          0.0          
-13312.6472897          0.0          
-13312.6472897          0.0          
-13312.6472897          0.0          
-13312.6472897          0.0          
-13312.6472897          0.0          
-13312.6472897          0.0          
-13312.6472897          0.0          
-13312.6472897          0.0          
-13312.6472897          0.0          
-13312.6472897          0.0          
-13312.6472897          0.0          
-13312.6472897          0.0          
-13312.6472897          1.0          
-13312.6472897          0.0          
-13312.6472897          0.0          
-13312.6472897          0.0          
-13312.6472897          0.0          
-13312.6472897          1.0          
-13312.6472897          1.0          
-13312.6472897          1.0          
-13312.6472897          0.0          
-13312.6472897          0.0          
-13312.6472897          0.0          
-13312.6472897          1.0          
-13312.6472897          1.0          
-13312.6472897          0.0          
-13312.6472897          0.0          
-13312.6472897          0.0          
-13312.6472897          0.0          
-13312.6472897          0.0          
-13312.6472897          0.0          
-13312.6472897          0.0          
-13312.6472897          0.0          
-13312.6472897          1.0          
-13312.6472897          1.0          
-13312.6472897          0.0          
-13312.6472897          0.0          
-13312.6472897          1.0          
-13312.6472897          1.0          
-13312.6472897          1.0          
-13312.6472897          0.0          
-13312.6472897          0.0          
-13312.6472897          0.0          
-13312.6472897          0.0          
-13312.6472897          1.0          
-13312.6472897          0.0          
-13312.6472897          0.0          
-13312.6472897          0.0          
-13312.6472897          0.0          
-13312.6472897          0.0          
-13312.6472897          0.0          
-13312.6472897          0.0          
-13312.6472897          0.0          
-13312.6472897          0.0          
-13312.6472897          0.0          
-13312.6472897          0.0          
-13312.6472897          0.0          
-13312.6472897          1.0          
-13312.6472897          0.0          
-13312.6472897          0.0          
-13312.6472897          1.0          
-13312.6472897          0.0          
-13312.6472897          0.0          
-13312.6472897          0.0          
-13312.6472897          1.0          
-13312.6472897          0.0          
-13312.6472897          0.0          
-13312.6472897          0.0          
-13312.6472897          0.0          
-13312.6472897          0.0          
-13312.6472897          2.0          
-13312.6472897          0.0          
-13312.6472897          0.0          
-13312.6472897          0.0          
-13312.6472897          0.0          
-13312.6472897          0.0          
-13312.6472897          0.0          
-13312.6472897          0.0          
-13312.6472897          0.0          
-13312.6472897          0.0          
-13312.6472897          0.0          
-13312.6472897          1.0          
-13312.6472897          0.0          
-13312.6472897          2.0          
-13312.6472897          1.0          
-13312.6472897          0.0          
-13312.6472897          0.0          
-13312.6472897          1.0          
-13312.6472897          0.0          
-13312.6472897          0.0          
-13312.6472897          0.0          
-13312.6472897          0.0          
-13312.6472897          1.0          
-13312.6472897          0.0          
-13312.6472897          1.0          
-13312.6472897          1.0          
-13312.6472897          0.0          
-13312.6472897          1.0          
-13312.6472897          0.0          
-13312.6472897          1.0          
-13312.6472897          0.0          
-13312.6472897          0.0          
-13312.6472897          0.0          
-13312.6472897          1.0          
-13312.6472897          0.0          
-13312.6472897          2.0          
-13312.6472897          1.0          
-13312.6472897          0.0          
-13312.6472897          2.0          
-13312.6472897          0.0          
-13312.6472897          1.0          
-13312.6472897          0.0          
-13312.6472897          0.0          
-13312.6472897          1.0          
-13312.6472897          0.0          
-13312.6472897          1.0          
-13312.6472897          0.0          
-13312.6472897          0.0          
-13312.6472897          1.0          
-13312.6472897          0.0          
-13312.6472897          0.0          
-13312.6472897          0.0          
-13312.6472897          1.0          
-13312.6472897          0.0          
-13312.6472897          1.0          
-13312.6472897          1.0          
-13312.6472897          2.0          
-13312.6472897          4.0          
-13312.6472897          0.0          
-13312.6472897          2.0          
-13312.6472897          1.0          
-13312.6472897          1.0          
-13312.6472897          1.0          
-13312.6472897          0.0          
-13312.6472897          1.0          
-13312.6472897          0.0          
-13312.6472897          0.0          
-13312.6472897          0.0          
-13312.6472897          1.0          
-13312.6472897          1.0          
-13312.6472897          0.0          
-13312.6472897          2.0          
-13312.6472897          1.0          
-13312.6472897          1.0          
-13312.6472897          0.0          
-13312.6472897          0.0          
-13312.6472897          0.0          
-13312.6472897          0.0          
-13312.6472897          0.0          
-13312.6472897          0.0          
-13312.6472897          2.0          
-13312.6472897          2.0          
-13312.6472897          0.0          
-13312.6472897          1.0          
-13312.6472897          3.0          
-13312.6472897          2.0          
-13312.6472897          0.0          
-13312.6472897          0.0          
-13312.6472897          1.0          
-13312.6472897          1.0          
-13312.6472897          2.0          
-13312.6472897          1.0          
-13312.6472897          2.0          
-13312.6472897          0.0          
-13312.6472897          1.0          
-13312.6472897          2.0          
-13312.6472897          4.0          
-13312.6472897          1.0          
-13312.6472897          7.0          
-13312.6472897          4.0          
-13312.6472897          0.0          
-13312.6472897          2.0          
-13312.6472897          2.0          
-13312.6472897          3.0          
-13312.6472897          1.0          
-13312.6472897          3.0          
-13312.6472897          0.0          
-13312.6472897          1.0          
-13312.6472897          0.0          
-13312.6472897          5.0          
-13312.6472897          2.0          
-13312.6472897          3.0          
-13312.6472897          4.0          
-13312.6472897          0.0          
-13312.6472897          2.0          
-13312.6472897          3.0          
-13312.6472897          5.0          
-13312.6472897          3.0          
-13312.6472897          1.0          
-13312.6472897          4.0          
-13312.6472897          0.0          
-13312.6472897          0.0          
-13312.6472897          4.0          
-13312.6472897          2.0          
-13312.6472897          9.0          
-13312.6472897          3.0          
-13312.6472897          6.0          
-13312.6472897          2.0          
-13312.6472897          3.0          
-13312.6472897          4.0          
-13312.6472897          9.0          
-13312.6472897          7.0          
-13312.6472897          3.0          
-13312.6472897          10.0          
-13312.6472897          8.0          
-13312.6472897          6.0          
-13312.6472897          3.0          
-13312.6472897          3.0          
-13312.6472897          7.0          
-13312.6472897          3.0          
-13312.6472897          6.0          
-13312.6472897          2.0          
-13312.6472897          10.0          
-13312.6472897          1.0          
-13312.6472897          9.0          
-13312.6472897          7.0          
-13312.6472897          11.0          
-13312.6472897          6.0          
-13312.6472897          4.0          
-13312.6472897          4.0          
-13312.6472897          3.0          
-13312.6472897          7.0          
-13312.6472897          2.0          
-13312.6472897          9.0          
-13312.6472897          7.0          
-13312.6472897          7.0          
-13312.6472897          10.0          
-13312.6472897          7.0          
-13312.6472897          7.0          
-13312.6472897          13.0          
-13312.6472897          4.0          
-13312.6472897          5.0          
-13312.6472897          13.0          
-13312.6472897          8.0          
-13312.6472897          11.0          
-13312.6472897          14.0          
-13312.6472897          18.0          
-13312.6472897          16.0          
-13312.6472897          19.0          
-13312.6472897          25.0          
-13312.6472897          28.0          
-13312.6472897          30.0          
-13312.6472897          32.0          
-13312.6472897          28.0          
-13312.6472897          25.0          
-13312.6472897          29.0          
-13312.6472897          34.0          
-13312.6472897          25.0          
-13312.6472897          41.0          
-13312.6472897          32.0          
-13312.6472897          47.0          
-13312.6472897          40.0          
-13312.6472897          30.0          
-13312.6472897          42.0          
-13312.6472897          20.0          
-13312.6472897          25.0          
-13312.6472897          26.0          
-13312.6472897          24.0          
-13312.6472897          35.0          
-13312.6472897          21.0          
-13312.6472897          18.0          
-13312.6472897          30.0          
-13312.6472897          18.0          
-13312.6472897          25.0          
-13312.6472897          25.0          
-13312.6472897          22.0          
-13312.6472897          19.0          
-13312.6472897          15.0          
-13312.6472897          18.0          
-13312.6472897          22.0          
-13312.6472897          13.0          
-13312.6472897          19.0          
-13312.6472897          15.0          
-13312.6472897          15.0          
-13312.6472897          16.0          
-13312.6472897          23.0          
-13312.6472897          25.0          
-13312.6472897          23.0          
-13312.6472897          15.0          
-13312.6472897          26.0          
-13312.6472897          21.0          
-13312.6472897          38.0          
-13312.6472897          39.0          
-13312.6472897          37.0          
-13312.6472897          43.0          
-13312.6472897          53.0          
-13312.6472897          63.0          
-13312.6472897          87.0          
-13312.6472897          129.0          
-13312.6472897          223.0          
-13312.6472897          392.0          
-13312.6472897          579.0          
-13312.6472897          823.0          
-13312.6472897          815.0          
-13312.6472897          719.0          
-13312.6472897          454.0          
-13312.6472897          233.0          
-13312.6472897          127.0          
-13312.6472897          59.0          
-13312.6472897          54.0          
-13312.6472897          32.0          
-13312.6472897          24.0          
-13312.6472897          27.0          
-13312.6472897          23.0          
-13312.6472897          27.0          
-13312.6472897          24.0          
-13312.6472897          29.0          
-13312.6472897          21.0          
-13312.6472897          20.0          
-13312.6472897          19.0          
-13312.6472897          21.0          
-13312.6472897          21.0          
-13312.6472897          16.0          
-13312.6472897          16.0          
-13312.6472897          23.0          
-13312.6472897          23.0          
-13312.6472897          27.0          
-13312.6472897          19.0          
-13312.6472897          25.0          
-13312.6472897          30.0          
-13312.6472897          26.0          
-13312.6472897          32.0          
-13312.6472897          35.0          
-13312.6472897          31.0          
-13312.6472897          31.0          
-13312.6472897          36.0          
-13312.6472897          35.0          
-13312.6472897          30.0          
-13312.6472897          34.0          
-13312.6472897          43.0          
-13312.6472897          31.0          
-13312.6472897          31.0          
-13312.6472897          36.0          
-13312.6472897          44.0          
-13312.6472897          58.0          
-13312.6472897          50.0          
-13312.6472897          61.0          
-13312.6472897          72.0          
-13312.6472897          53.0          
-13312.6472897          60.0          
-13312.6472897          45.0          
-13312.6472897          66.0          
-13312.6472897          47.0          
-13312.6472897          44.0          
-13312.6472897          55.0          
-13312.6472897          48.0          
-13312.6472897          41.0          
-13312.6472897          37.0          
-13312.6472897          41.0          
-13312.6472897          26.0          
-13312.6472897          27.0          
-13312.6472897          11.0          
-13312.6472897          15.0          
-13312.6472897          17.0          
-13312.6472897          16.0          
-13312.6472897          15.0          
-13312.6472897          10.0          
-13312.6472897          17.0          
-13312.6472897          13.0          
-13312.6472897          10.0          
-13312.6472897          6.0          
-13312.6472897          16.0          
-13312.6472897          13.0          
-13312.6472897          12.0          
-13312.6472897          12.0          
-13312.6472897          12.0          
-13312.6472897          10.0          
-13312.6472897          8.0          
-13312.6472897          5.0          
-13312.6472897          18.0          
-13312.6472897          12.0          
-13312.6472897          16.0          
-13312.6472897          9.0          
-13312.6472897          14.0          
-13312.6472897          10.0          
-13312.6472897          11.0          
-13312.6472897          5.0          
-13312.6472897          14.0          
-13312.6472897          8.0          
-13312.6472897          11.0          
-13312.6472897          11.0          
-13312.6472897          20.0          
-13312.6472897          19.0          
-13312.6472897          9.0          
-13312.6472897          10.0          
-13312.6472897          12.0          
-13312.6472897          10.0          
-13312.6472897          12.0          
-13312.6472897          4.0          
-13312.6472897          8.0          
-13312.6472897          11.0          
-13312.6472897          6.0          
-13312.6472897          10.0          
-13312.6472897          7.0          
-13312.6472897          8.0          
-13312.6472897          10.0          
-13312.6472897          7.0          
-13312.6472897          10.0          
-13312.6472897          8.0          
-13312.6472897          8.0          
-13312.6472897          8.0          
-13312.6472897          11.0          
-13312.6472897          8.0          
-13312.6472897          15.0          
-13312.6472897          10.0          
-13312.6472897          11.0          
-13312.6472897          5.0          
-13312.6472897          15.0          
-13312.6472897          9.0          
-13312.6472897          9.0          
-13312.6472897          6.0          
-13312.6472897          9.0          
-13312.6472897          7.0          
-13312.6472897          8.0          
-13312.6472897          8.0          
-13312.6472897          6.0          
-13312.6472897          5.0          
-13312.6472897          5.0          
-13312.6472897          5.0          
-13312.6472897          6.0          
-13312.6472897          4.0          
-13312.6472897          4.0          
-13312.6472897          4.0          
-13312.6472897          7.0          
-13312.6472897          3.0          
-13312.6472897          8.0          
-13312.6472897          1.0          
-13312.6472897          6.0          
-13312.6472897          5.0          
-13312.6472897          6.0          
-13312.6472897          6.0          
-13312.6472897          0.0          
-13312.6472897          3.0          
-13312.6472897          3.0          
-13312.6472897          3.0          
-13312.6472897          4.0          
-13312.6472897          2.0          
-13312.6472897          4.0          
-13312.6472897          4.0          
-13312.6472897          2.0          
-13312.6472897          1.0          
-13312.6472897          2.0          
-13312.6472897          4.0          
-13312.6472897          3.0          
-13312.6472897          3.0          
-13312.6472897          5.0          
-13312.6472897          2.0          
-13312.6472897          3.0          
-13312.6472897          4.0          
-13312.6472897          4.0          
-13312.6472897          2.0          
-13312.6472897          0.0          
-13312.6472897          3.0          
-13312.6472897          4.0          
-13312.6472897          2.0          
-13312.6472897          2.0          
-13312.6472897          4.0          
-13312.6472897          1.0          
-13312.6472897          1.0          
-13312.6472897          3.0          
-13312.6472897          1.0          
-13312.6472897          1.0          
-13312.6472897          3.0          
-13312.6472897          5.0          
-13312.6472897          1.0          
-13312.6472897          3.0          
-13312.6472897          3.0          
-13312.6472897          2.0          
-13312.6472897          2.0          
-13312.6472897          3.0          
-13312.6472897          0.0          
-13312.6472897          4.0          
-13312.6472897          2.0          
-13312.6472897          3.0          
-13312.6472897          1.0          
-13312.6472897          2.0          
-13312.6472897          0.0          
-13312.6472897          5.0          
-13312.6472897          2.0          
-13312.6472897          0.0          
-13312.6472897          1.0          
-13312.6472897          0.0          
-13312.6472897          1.0          
-13312.6472897          0.0          
-13312.6472897          2.0          
-13312.6472897          1.0          
-13312.6472897          0.0          
-13312.6472897          4.0          
-13312.6472897          3.0          
-13312.6472897          3.0          
-13312.6472897          4.0          
-13312.6472897          2.0          
-13312.6472897          2.0          
-13312.6472897          3.0          
-13312.6472897          0.0          
-13312.6472897          1.0          
-13312.6472897          2.0          
-13312.6472897          0.0          
-13312.6472897          1.0          
-13312.6472897          0.0          
-13312.6472897          1.0          
-13312.6472897          0.0          
-13312.6472897          0.0          
-13312.6472897          2.0          
-13312.6472897          0.0          
-13312.6472897          0.0          
-13312.6472897          0.0          
-13312.6472897          0.0          
-13312.6472897          1.0          
-13312.6472897          1.0          
-13312.6472897          0.0          
-13312.6472897          0.0          
-13312.6472897          0.0          
-13312.6472897          0.0          
-13312.6472897          1.0          
-13312.6472897          0.0          
-13312.6472897          1.0          
-13312.6472897          0.0          
-13312.6472897          0.0          
-13312.6472897          1.0          
-13312.6472897          0.0          
-13312.6472897          0.0          
-13312.6472897          1.0          
-13312.6472897          1.0          
-13312.6472897          0.0          
-13312.6472897          1.0          
-13312.6472897          0.0          
-13312.6472897          0.0          
-13312.6472897          0.0          
-13312.6472897          0.0          
-13312.6472897          0.0          
-13312.6472897          1.0          
-13312.6472897          0.0          
-13312.6472897          2.0          
-13312.6472897          0.0          
-13312.6472897          0.0          
-13312.6472897          1.0          
-13312.6472897          1.0          
-13312.6472897          0.0          
-13312.6472897          0.0          
-13312.6472897          0.0          
-13312.6472897          0.0          
-13312.6472897          1.0          
-13312.6472897          1.0          
-13312.6472897          0.0          
-13312.6472897          1.0          
-13312.6472897          0.0          
-13312.6472897          0.0          
-13312.6472897          0.0          
-13312.6472897          0.0          
-13312.6472897          0.0          
-13312.6472897          0.0          
-13312.6472897          0.0          
-13312.6472897          0.0          
-13312.6472897          0.0          
-13312.6472897          0.0          
-13312.6472897          1.0          
-13312.6472897          0.0          
-13312.6472897          1.0          
-13312.6472897          0.0          
-13312.6472897          0.0          
-13312.6472897          0.0          
-13312.6472897          0.0          
-13312.6472897          0.0          
-13312.6472897          0.0          
-13312.6472897          0.0          
-13312.6472897          0.0          
-13312.6472897          0.0          
-13312.6472897          0.0          
-13312.6472897          1.0          
-13312.6472897          0.0          
-13312.6472897          0.0          
-13312.6472897          0.0          
-13312.6472897          0.0          
-13312.6472897          1.0          
-13312.6472897          0.0          
-13312.6472897          0.0          
-13312.6472897          1.0          
-13312.6472897          0.0          
-13312.6472897          0.0          
-13312.6472897          1.0          
-13312.6472897          0.0          
-13312.6472897          0.0          
-13312.6472897          1.0          
-13312.6472897          0.0          
-13312.6472897          0.0          
-13312.6472897          0.0          
-13312.6472897          0.0          
-13312.6472897          0.0          
-13312.6472897          0.0          
-13312.6472897          1.0          
-13312.6472897          0.0          
-13312.6472897          0.0          
-13312.6472897          3.0          
-13312.6472897          0.0          
-13312.6472897          0.0          
-13312.6472897          0.0          
-13312.6472897          0.0          
-13312.6472897          2.0          
-13312.6472897          0.0          
-13312.6472897          0.0          
-13312.6472897          0.0          
-13312.6472897          2.0          
-13312.6472897          1.0          
-13312.6472897          0.0          
-13312.6472897          0.0          
-13312.6472897          1.0          
-13312.6472897          0.0          
-13312.6472897          0.0          
-13312.6472897          0.0          
