scan_0008.mda
%<label for="ebool">energy</label>= Column: 1
%<label for="sbool">signal</label>= Column: 2
14.4124226079          0.0          
14.4124228596          0.0          
14.4124231113          0.0          
14.4124233631          0.0          
14.4124236148          0.0          
14.4124238666          0.0          
14.4124241183          1.0          
14.41242437          1.0          
14.4124246218          0.0          
14.4124248735          1.0          
14.4124251252          0.0          
14.412425377          1.0          
14.4124256287          1.0          
14.4124258805          1.0          
14.4124261322          0.0          
14.412426348          0.0          
14.4124265997          0.0          
14.4124268515          0.0          
14.4124271032          0.0          
14.4124273549          1.0          
14.4124276067          1.0          
14.4124278584          0.0          
14.4124281102          0.0          
14.4124283619          0.0          
14.4124286136          0.0          
14.4124288654          0.0          
14.4124291171          0.0          
14.4124293689          1.0          
14.4124296206          0.0          
14.4124298723          0.0          
14.4124301241          0.0          
14.4124303758          0.0          
14.4124306275          0.0          
14.4124308793          0.0          
14.412431131          0.0          
14.4124313828          0.0          
14.4124315985          0.0          
14.4124318503          0.0          
14.412432102          0.0          
14.4124323538          0.0          
14.4124326055          0.0          
14.4124328572          0.0          
14.412433109          0.0          
14.4124333607          1.0          
14.4124336125          0.0          
14.4124338642          0.0          
14.4124341159          0.0          
14.4124343677          0.0          
14.4124346194          1.0          
14.4124348712          1.0          
14.4124351229          1.0          
14.4124353746          0.0          
14.4124356264          0.0          
14.4124358781          0.0          
14.4124361298          1.0          
14.4124363816          1.0          
14.4124366333          0.0          
14.4124368491          0.0          
14.4124371008          0.0          
14.4124373526          0.0          
14.4124376043          0.0          
14.4124378561          0.0          
14.4124381078          0.0          
14.4124383595          0.0          
14.4124386113          1.0          
14.412438863          1.0          
14.4124391148          0.0          
14.4124393665          0.0          
14.4124396182          1.0          
14.41243987          1.0          
14.4124401217          1.0          
14.4124403735          0.0          
14.4124406252          0.0          
14.4124408769          0.0          
14.4124411287          0.0          
14.4124413804          1.0          
14.4124416322          0.0          
14.4124418479          0.0          
14.4124420997          0.0          
14.4124423514          0.0          
14.4124426031          0.0          
14.4124428549          0.0          
14.4124431066          0.0          
14.4124433584          0.0          
14.4124436101          0.0          
14.4124438618          0.0          
14.4124441136          0.0          
14.4124443653          0.0          
14.4124446171          1.0          
14.4124448688          0.0          
14.4124451205          0.0          
14.4124453723          1.0          
14.412445624          0.0          
14.4124458758          0.0          
14.4124461275          0.0          
14.4124463792          1.0          
14.412446631          0.0          
14.4124468827          0.0          
14.4124470985          0.0          
14.4124473502          0.0          
14.412447602          0.0          
14.4124478537          2.0          
14.4124481055          0.0          
14.4124483572          0.0          
14.4124486089          0.0          
14.4124488607          0.0          
14.4124491124          0.0          
14.4124493642          0.0          
14.4124496159          0.0          
14.4124498676          0.0          
14.4124501194          0.0          
14.4124503711          0.0          
14.4124506229          1.0          
14.4124508746          0.0          
14.4124511263          2.0          
14.4124513781          1.0          
14.4124516298          0.0          
14.4124518816          0.0          
14.4124521333          1.0          
14.4124523491          0.0          
14.4124526008          0.0          
14.4124528526          0.0          
14.4124531043          0.0          
14.412453356          1.0          
14.4124536078          0.0          
14.4124538595          1.0          
14.4124541113          1.0          
14.412454363          0.0          
14.4124546147          1.0          
14.4124548665          0.0          
14.4124551182          1.0          
14.41245537          0.0          
14.4124556217          0.0          
14.4124558734          0.0          
14.4124561252          1.0          
14.4124563769          0.0          
14.4124566287          2.0          
14.4124568804          1.0          
14.4124571321          0.0          
14.4124573839          2.0          
14.4124575996          0.0          
14.4124578514          1.0          
14.4124581031          0.0          
14.4124583549          0.0          
14.4124586066          1.0          
14.4124588584          0.0          
14.4124591101          1.0          
14.4124593618          0.0          
14.4124596136          0.0          
14.4124598653          1.0          
14.4124601171          0.0          
14.4124603688          0.0          
14.4124606205          0.0          
14.4124608723          1.0          
14.412461124          0.0          
14.4124613758          1.0          
14.4124616275          1.0          
14.4124618792          2.0          
14.412462131          4.0          
14.4124623827          0.0          
14.4124625985          2.0          
14.4124628502          1.0          
14.412463102          1.0          
14.4124633537          1.0          
14.4124636055          0.0          
14.4124638572          1.0          
14.4124641089          0.0          
14.4124643607          0.0          
14.4124646124          0.0          
14.4124648642          1.0          
14.4124651159          1.0          
14.4124653676          0.0          
14.4124656194          2.0          
14.4124658711          1.0          
14.4124661229          1.0          
14.4124663746          0.0          
14.4124666263          0.0          
14.4124668781          0.0          
14.4124671298          0.0          
14.4124673816          0.0          
14.4124676333          0.0          
14.4124678491          2.0          
14.4124681008          2.0          
14.4124683526          0.0          
14.4124686043          1.0          
14.412468856          3.0          
14.4124691078          2.0          
14.4124693595          0.0          
14.4124696113          0.0          
14.412469863          1.0          
14.4124701147          1.0          
14.4124703665          2.0          
14.4124706182          1.0          
14.41247087          2.0          
14.4124711217          0.0          
14.4124713734          1.0          
14.4124716252          2.0          
14.4124718769          4.0          
14.4124721287          1.0          
14.4124723804          7.0          
14.4124726321          4.0          
14.4124728479          0.0          
14.4124730997          2.0          
14.4124733514          2.0          
14.4124736031          3.0          
14.4124738549          1.0          
14.4124741066          3.0          
14.4124743584          0.0          
14.4124746101          1.0          
14.4124748618          0.0          
14.4124751136          5.0          
14.4124753653          2.0          
14.4124756171          3.0          
14.4124758688          4.0          
14.4124761206          0.0          
14.4124763723          2.0          
14.412476624          3.0          
14.4124768758          5.0          
14.4124771275          3.0          
14.4124773793          1.0          
14.412477631          4.0          
14.4124778827          0.0          
14.4124780985          0.0          
14.4124783503          4.0          
14.412478602          2.0          
14.4124788537          9.0          
14.4124791055          3.0          
14.4124793572          6.0          
14.412479609          2.0          
14.4124798607          3.0          
14.4124801124          4.0          
14.4124803642          9.0          
14.4124806159          7.0          
14.4124808677          3.0          
14.4124811194          10.0          
14.4124813711          8.0          
14.4124816229          6.0          
14.4124818746          3.0          
14.4124821264          3.0          
14.4124823781          7.0          
14.4124826299          3.0          
14.4124828816          6.0          
14.4124831333          2.0          
14.4124833491          10.0          
14.4124836009          1.0          
14.4124838526          9.0          
14.4124841043          7.0          
14.4124843561          11.0          
14.4124846078          6.0          
14.4124848596          4.0          
14.4124851113          4.0          
14.412485363          3.0          
14.4124856148          7.0          
14.4124858665          2.0          
14.4124861183          9.0          
14.41248637          7.0          
14.4124866217          7.0          
14.4124868735          10.0          
14.4124871252          7.0          
14.412487377          7.0          
14.4124876287          13.0          
14.4124878805          4.0          
14.4124881322          5.0          
14.412488348          13.0          
14.4124885997          8.0          
14.4124888515          11.0          
14.4124891032          14.0          
14.4124893549          18.0          
14.4124896067          16.0          
14.4124898584          19.0          
14.4124901102          25.0          
14.4124903619          28.0          
14.4124906136          30.0          
14.4124908654          32.0          
14.4124911171          28.0          
14.4124913689          25.0          
14.4124916206          29.0          
14.4124918723          34.0          
14.4124921241          25.0          
14.4124923758          41.0          
14.4124926276          32.0          
14.4124928793          47.0          
14.4124931311          40.0          
14.4124933828          30.0          
14.4124935986          42.0          
14.4124938503          20.0          
14.4124941021          25.0          
14.4124943538          26.0          
14.4124946055          24.0          
14.4124948573          35.0          
14.412495109          21.0          
14.4124953608          18.0          
14.4124956125          30.0          
14.4124958642          18.0          
14.412496116          25.0          
14.4124963677          25.0          
14.4124966195          22.0          
14.4124968712          19.0          
14.412497123          15.0          
14.4124973747          18.0          
14.4124976264          22.0          
14.4124978782          13.0          
14.4124981299          19.0          
14.4124983817          15.0          
14.4124986334          15.0          
14.4124988492          16.0          
14.4124991009          23.0          
14.4124993527          25.0          
14.4124996044          23.0          
14.4124998561          15.0          
14.4125001079          26.0          
14.4125003596          21.0          
14.4125006114          38.0          
14.4125008631          39.0          
14.4125011149          37.0          
14.4125013666          43.0          
14.4125016183          53.0          
14.4125018701          63.0          
14.4125021218          87.0          
14.4125023736          129.0          
14.4125026253          223.0          
14.412502877          392.0          
14.4125031288          579.0          
14.4125033805          823.0          
14.4125036323          815.0          
14.4125038481          719.0          
14.4125040998          454.0          
14.4125043515          233.0          
14.4125046033          127.0          
14.412504855          59.0          
14.4125051068          54.0          
14.4125053585          32.0          
14.4125056102          24.0          
14.412505862          27.0          
14.4125061137          23.0          
14.4125063655          27.0          
14.4125066172          24.0          
14.412506869          29.0          
14.4125071207          21.0          
14.4125073724          20.0          
14.4125076242          19.0          
14.4125078759          21.0          
14.4125081277          21.0          
14.4125083794          16.0          
14.4125086311          16.0          
14.4125088829          23.0          
14.4125090987          23.0          
14.4125093504          27.0          
14.4125096021          19.0          
14.4125098539          25.0          
14.4125101056          30.0          
14.4125103574          26.0          
14.4125106091          32.0          
14.4125108609          35.0          
14.4125111126          31.0          
14.4125113643          31.0          
14.4125116161          36.0          
14.4125118678          35.0          
14.4125121196          30.0          
14.4125123713          34.0          
14.4125126231          43.0          
14.4125128748          31.0          
14.4125131265          31.0          
14.4125133783          36.0          
14.41251363          44.0          
14.4125138818          58.0          
14.4125141335          50.0          
14.4125143493          61.0          
14.412514601          72.0          
14.4125148528          53.0          
14.4125151045          60.0          
14.4125153563          45.0          
14.412515608          66.0          
14.4125158597          47.0          
14.4125161115          44.0          
14.4125163632          55.0          
14.412516615          48.0          
14.4125168667          41.0          
14.4125171184          37.0          
14.4125173702          41.0          
14.4125176219          26.0          
14.4125178737          27.0          
14.4125181254          11.0          
14.4125183772          15.0          
14.4125186289          17.0          
14.4125188806          16.0          
14.4125191324          15.0          
14.4125193482          10.0          
14.4125195999          17.0          
14.4125198516          13.0          
14.4125201034          10.0          
14.4125203551          6.0          
14.4125206069          16.0          
14.4125208586          13.0          
14.4125211104          12.0          
14.4125213621          12.0          
14.4125216138          12.0          
14.4125218656          10.0          
14.4125221173          8.0          
14.4125223691          5.0          
14.4125226208          18.0          
14.4125228726          12.0          
14.4125231243          16.0          
14.412523376          9.0          
14.4125236278          14.0          
14.4125238795          10.0          
14.4125241313          11.0          
14.412524383          5.0          
14.4125245988          14.0          
14.4125248505          8.0          
14.4125251023          11.0          
14.412525354          11.0          
14.4125256058          20.0          
14.4125258575          19.0          
14.4125261092          9.0          
14.412526361          10.0          
14.4125266127          12.0          
14.4125268645          10.0          
14.4125271162          12.0          
14.412527368          4.0          
14.4125276197          8.0          
14.4125278714          11.0          
14.4125281232          6.0          
14.4125283749          10.0          
14.4125286267          7.0          
14.4125288784          8.0          
14.4125291302          10.0          
14.4125293819          7.0          
14.4125296336          10.0          
14.4125298494          8.0          
14.4125301012          8.0          
14.4125303529          8.0          
14.4125306046          11.0          
14.4125308564          8.0          
14.4125311081          15.0          
14.4125313599          10.0          
14.4125316116          11.0          
14.4125318634          5.0          
14.4125321151          15.0          
14.4125323668          9.0          
14.4125326186          9.0          
14.4125328703          6.0          
14.4125331221          9.0          
14.4125333738          7.0          
14.4125336256          8.0          
14.4125338773          8.0          
14.412534129          6.0          
14.4125343808          5.0          
14.4125346325          5.0          
14.4125348483          5.0          
14.4125351001          6.0          
14.4125353518          4.0          
14.4125356035          4.0          
14.4125358553          4.0          
14.412536107          7.0          
14.4125363588          3.0          
14.4125366105          8.0          
14.4125368623          1.0          
14.412537114          6.0          
14.4125373657          5.0          
14.4125376175          6.0          
14.4125378692          6.0          
14.412538121          0.0          
14.4125383727          3.0          
14.4125386245          3.0          
14.4125388762          3.0          
14.4125391279          4.0          
14.4125393797          2.0          
14.4125396314          4.0          
14.4125398832          4.0          
14.4125400989          2.0          
14.4125403507          1.0          
14.4125406024          2.0          
14.4125408542          4.0          
14.4125411059          3.0          
14.4125413577          3.0          
14.4125416094          5.0          
14.4125418612          2.0          
14.4125421129          3.0          
14.4125423646          4.0          
14.4125426164          4.0          
14.4125428681          2.0          
14.4125431199          0.0          
14.4125433716          3.0          
14.4125436234          4.0          
14.4125438751          2.0          
14.4125441268          2.0          
14.4125443786          4.0          
14.4125446303          1.0          
14.4125448821          1.0          
14.4125451338          3.0          
14.4125453496          1.0          
14.4125456013          1.0          
14.4125458531          3.0          
14.4125461048          5.0          
14.4125463566          1.0          
14.4125466083          3.0          
14.41254686          3.0          
14.4125471118          2.0          
14.4125473635          2.0          
14.4125476153          3.0          
14.412547867          0.0          
14.4125481188          4.0          
14.4125483705          2.0          
14.4125486223          3.0          
14.412548874          1.0          
14.4125491257          2.0          
14.4125493775          0.0          
14.4125496292          5.0          
14.412549881          2.0          
14.4125501327          0.0          
14.4125503485          1.0          
14.4125506002          0.0          
14.412550852          1.0          
14.4125511037          0.0          
14.4125513555          2.0          
14.4125516072          1.0          
14.412551859          0.0          
14.4125521107          4.0          
14.4125523624          3.0          
14.4125526142          3.0          
14.4125528659          4.0          
14.4125531177          2.0          
14.4125533694          2.0          
14.4125536212          3.0          
14.4125538729          0.0          
14.4125541246          1.0          
14.4125543764          2.0          
14.4125546281          0.0          
14.4125548799          1.0          
14.4125551316          0.0          
14.4125553834          1.0          
14.4125555991          0.0          
14.4125558509          0.0          
14.4125561026          2.0          
14.4125563544          0.0          
14.4125566061          0.0          
14.4125568579          0.0          
14.4125571096          0.0          
14.4125573613          1.0          
14.4125576131          1.0          
14.4125578648          0.0          
14.4125581166          0.0          
14.4125583683          0.0          
14.4125586201          0.0          
14.4125588718          1.0          
14.4125591236          0.0          
14.4125593753          1.0          
14.412559627          0.0          
14.4125598788          0.0          
14.4125601305          1.0          
14.4125603823          0.0          
14.4125605981          0.0          
14.4125608498          1.0          
14.4125611015          1.0          
14.4125613533          0.0          
14.412561605          1.0          
14.4125618568          0.0          
14.4125621085          0.0          
14.4125623603          0.0          
14.412562612          0.0          
14.4125628637          0.0          
14.4125631155          1.0          
14.4125633672          0.0          
14.412563619          2.0          
14.4125638707          0.0          
14.4125641225          0.0          
14.4125643742          1.0          
14.412564626          1.0          
14.4125648777          0.0          
14.4125651294          0.0          
14.4125653812          0.0          
14.4125656329          0.0          
14.4125658487          1.0          
14.4125661005          1.0          
14.4125663522          0.0          
14.4125666039          1.0          
14.4125668557          0.0          
14.4125671074          0.0          
14.4125673592          0.0          
14.4125676109          0.0          
14.4125678627          0.0          
14.4125681144          0.0          
14.4125683661          0.0          
14.4125686179          0.0          
14.4125688696          0.0          
14.4125691214          0.0          
14.4125693731          1.0          
14.4125696249          0.0          
14.4125698766          1.0          
14.4125701284          0.0          
14.4125703801          0.0          
14.4125706318          0.0          
14.4125708836          0.0          
14.4125710994          0.0          
14.4125713511          0.0          
14.4125716029          0.0          
14.4125718546          0.0          
14.4125721063          0.0          
14.4125723581          0.0          
14.4125726098          1.0          
14.4125728616          0.0          
14.4125731133          0.0          
14.4125733651          0.0          
14.4125736168          0.0          
14.4125738686          1.0          
14.4125741203          0.0          
14.412574372          0.0          
14.4125746238          1.0          
14.4125748755          0.0          
14.4125751273          0.0          
14.412575379          1.0          
14.4125756308          0.0          
14.4125758825          0.0          
14.4125760983          1.0          
14.41257635          0.0          
14.4125766018          0.0          
14.4125768535          0.0          
14.4125771053          0.0          
14.412577357          0.0          
14.4125776088          0.0          
14.4125778605          1.0          
14.4125781122          0.0          
14.412578364          0.0          
14.4125786157          3.0          
14.4125788675          0.0          
14.4125791192          0.0          
14.412579371          0.0          
14.4125796227          0.0          
14.4125798745          2.0          
14.4125801262          0.0          
14.4125803779          0.0          
14.4125806297          0.0          
14.4125808814          2.0          
14.4125811332          1.0          
14.412581349          0.0          
14.4125816007          0.0          
14.4125818524          1.0          
14.4125821042          0.0          
14.4125823559          0.0          
14.4125826077          0.0          
