scan_0008.mda
%Energy xtal temp= Column: 1
%xtal1A= Column: 2
%xtal2A= Column: 3
%xtal1T= Column: 4
%signal= Column: 5
%Norm Factors= Column: 6
0.0          -13312.6472897          -14386.4207207          300.594238281          0.0          0.983394648276          
0.235651193462          -13312.6472897          -14386.5055607          300.59463501          0.0          0.983203518481          
0.487403553054          -13312.6472897          -14386.5904007          300.59463501          0.0          0.984958327461          
0.739155912645          -13312.6472897          -14386.6752407          300.59463501          0.0          0.983984433211          
0.993279131271          -13312.6472897          -14386.7600807          300.595428467          0.0          0.984239694506          
1.24503149087          -13312.6472897          -14386.8449207          300.595428467          0.0          0.984175866767          
1.49678385046          -13312.6472897          -14386.9297607          300.595428467          1.0          0.986174404413          
1.73417506249          -13312.6472897          -14387.0146007          300.595581055          1.0          0.984271611481          
1.98592742209          -13312.6472897          -14387.0994407          300.595581055          0.0          0.984958327461          
2.2380863888          -13312.6472897          -14387.1842807          300.596130371          1.0          0.984622834867          
2.48983874839          -13312.6472897          -14387.2691207          300.596130371          0.0          0.984894406484          
2.74159110798          -13312.6472897          -14387.3539607          300.596130371          1.0          0.984527021815          
2.98163420745          -13312.6472897          -14387.4388007          300.596343994          1.0          0.985166127949          
3.23338656705          -13312.6472897          -14387.5236407          300.596343994          1.0          0.984974309001          
3.48513892664          -13312.6472897          -14387.6084807          300.596343994          0.0          0.984032284618          
3.689168076          -13312.6472897          -14387.6812007          300.596954346          0.0          0.984415263485          
3.94092043559          -13312.6472897          -14387.7660407          300.596954346          0.0          0.984207779602          
4.19267279518          -13312.6472897          -14387.8508807          300.596954346          0.0          0.983984433211          
4.45260505043          -13312.6472897          -14387.9357207          300.597625732          0.0          0.984239694506          
4.70435741002          -13312.6472897          -14388.0205607          300.597625732          1.0          0.983585852394          
4.95610976962          -13312.6472897          -14388.1054007          300.597625732          1.0          0.983888744357          
5.19916950407          -13312.6472897          -14388.1902407          300.598022461          0.0          0.983681482338          
5.45092186366          -13312.6472897          -14388.2750807          300.598022461          0.0          0.983601789427          
5.70267422326          -13312.6472897          -14388.3599207          300.598022461          0.0          0.983107981442          
5.94179798612          -13312.6472897          -14388.4447607          300.598754883          0.0          0.985022256735          
6.19355034571          -13312.6472897          -14388.5296007          300.598754883          0.0          0.983251293964          
6.45476668511          -13312.6472897          -14388.6144407          300.599029541          0.0          0.982837393962          
6.7065190447          -13312.6472897          -14388.6992807          300.599029541          1.0          0.984159911126          
6.95827140429          -13312.6472897          -14388.7841207          300.599029541          0.0          0.983155747641          
7.19561328901          -13312.6472897          -14388.8689607          300.599578857          0.0          0.983187594352          
7.44736564861          -13312.6472897          -14388.9538007          300.599578857          0.0          0.982726018877          
7.6991180082          -13312.6472897          -14389.0386407          300.599578857          0.0          0.982074185658          
7.94597320004          -13312.6472897          -14389.1234807          300.600006104          0.0          0.982471542016          
8.19772555963          -13312.6472897          -14389.2083207          300.600006104          0.0          0.982614669031          
8.44947791922          -13312.6472897          -14389.2931607          300.600006104          0.0          0.982376147167          
8.69368122362          -13312.6472897          -14389.3780007          300.600372314          0.0          0.982169521868          
8.90946896042          -13312.6472897          -14389.4507207          300.600372314          0.0          0.982789658692          
9.16122132001          -13312.6472897          -14389.5355607          300.600372314          0.0          0.982058298089          
9.41374503426          -13312.6472897          -14389.6204007          300.601043701          0.0          0.984415263485          
9.66549739385          -13312.6472897          -14389.7052407          300.601043701          0.0          0.983378717955          
9.91724975345          -13312.6472897          -14389.7900807          300.601043701          0.0          0.983793074112          
10.156149283          -13312.6472897          -14389.8749207          300.601287842          0.0          0.984415263485          
10.4079016426          -13312.6472897          -14389.9597607          300.601287842          0.0          0.983904691207          
10.6614777399          -13312.6472897          -14390.0446007          300.601898193          1.0          0.984000383163          
10.9033520448          -13312.6472897          -14390.1294407          300.601898193          0.0          0.984511054785          
11.1551044044          -13312.6472897          -14390.2142807          300.601898193          0.0          0.986334638125          
11.4020507831          -13312.6472897          -14390.2991207          300.602355957          0.0          0.98651095536          
11.6538031427          -13312.6472897          -14390.3839607          300.602355957          0.0          0.986110325505          
11.9055555023          -13312.6472897          -14390.4688007          300.602355957          1.0          0.986286562545          
12.1569849739          -13312.6472897          -14390.5536407          300.602661133          1.0          0.987634452747          
12.4087373335          -13312.6472897          -14390.6384807          300.602661133          1.0          0.986526987325          
12.6604896931          -13312.6472897          -14390.7233207          300.602661133          0.0          0.987666590275          
12.8990663347          -13312.6472897          -14390.8081607          300.603210449          0.0          0.987827309294          
13.1508186943          -13312.6472897          -14390.8930007          300.603210449          0.0          0.987554118075          
13.4025710539          -13312.6472897          -14390.9778407          300.603210449          1.0          0.988986032128          
13.6529481424          -13312.6472897          -14391.0626807          300.60357666          1.0          0.98377713088          
13.904700502          -13312.6472897          -14391.1475207          300.60357666          0.0          0.983410579113          
14.1204882388          -13312.6472897          -14391.2202407          300.60357666          0.0          0.984016333632          
14.3630427115          -13312.6472897          -14391.3050807          300.604217529          0.0          0.983633665042          
14.6147950711          -13312.6472897          -14391.3899207          300.604217529          0.0          0.984367374825          
14.8677328602          -13312.6472897          -14391.4747607          300.604614258          0.0          0.983729304284          
15.1194852198          -13312.6472897          -14391.5596007          300.604614258          0.0          0.98377713088          
15.3712375794          -13312.6472897          -14391.6444407          300.604614258          0.0          0.983474307624          
15.6116454264          -13312.6472897          -14391.7292807          300.604949951          0.0          0.983283146866          
15.863397786          -13312.6472897          -14391.8141207          300.604949951          1.0          0.983267220157          
16.1151501456          -13312.6472897          -14391.8989607          300.604949951          1.0          0.984159911126          
16.3691821773          -13312.6472897          -14391.9838007          300.605712891          0.0          0.984431227407          
16.6209345369          -13312.6472897          -14392.0686407          300.605712891          0.0          0.984000383163          
16.8726868965          -13312.6472897          -14392.1534807          300.605712891          1.0          0.984303530525          
17.1226992375          -13312.6472897          -14392.2383207          300.605957031          1.0          0.983681482338          
17.3744515971          -13312.6472897          -14392.3231607          300.605957031          1.0          0.983092060407          
17.6262039567          -13312.6472897          -14392.4080007          300.605957031          0.0          0.984191822926          
17.8559549267          -13312.6472897          -14392.4928407          300.606445312          0.0          0.983538044394          
18.1077072863          -13312.6472897          -14392.5776807          300.606445312          0.0          0.983904691207          
18.3594596459          -13312.6472897          -14392.6625207          300.606445312          0.0          0.982932878416          
18.6137233787          -13312.6472897          -14392.7473607          300.606872559          1.0          0.983490241042          
18.8654757383          -13312.6472897          -14392.8322007          300.606872559          0.0          0.984367374825          
19.0827224653          -13312.6472897          -14392.9049207          300.60736084          0.0          0.983968483776          
19.3171882292          -13312.6472897          -14392.9897607          300.60736084          0.0          0.984159911126          
19.5689405888          -13312.6472897          -14393.0746007          300.60736084          0.0          0.98622246906          
19.8246214522          -13312.6472897          -14393.1594407          300.607849121          0.0          0.985294048759          
20.0763738118          -13312.6472897          -14393.2442807          300.607849121          0.0          0.986110325505          
20.3281261714          -13312.6472897          -14393.3291207          300.607849121          0.0          0.986607154969          
20.5643738135          -13312.6472897          -14393.4139607          300.608032227          0.0          0.985966178403          
20.8161261731          -13312.6472897          -14393.4988007          300.608032227          0.0          0.98651095536          
21.0678785327          -13312.6472897          -14393.5836407          300.608032227          0.0          0.986911910877          
21.3103418185          -13312.6472897          -14393.6684807          300.608642578          0.0          0.986559052819          
21.5620941781          -13312.6472897          -14393.7533207          300.608642578          0.0          0.987570183964          
21.8138465377          -13312.6472897          -14393.8381607          300.608642578          1.0          0.987923765816          
22.0636765049          -13312.6472897          -14393.9230007          300.608825684          0.0          0.983139825059          
22.3154288645          -13312.6472897          -14394.0078407          300.608825684          0.0          0.982296665611          
22.5671812241          -13312.6472897          -14394.0926807          300.608825684          1.0          0.982901048203          
22.8174177985          -13312.6472897          -14394.1775207          300.609558105          0.0          0.983012462967          
23.0691701581          -13312.6472897          -14394.2623607          300.609558105          0.0          0.983793074112          
23.3209225177          -13312.6472897          -14394.3472007          300.609558105          0.0          0.984303530525          
23.5575349073          -13312.6472897          -14394.4320407          300.609863281          1.0          0.984143956002          
23.8092872669          -13312.6472897          -14394.5168807          300.609863281          0.0          0.984511054785          
24.0544024402          -13312.6472897          -14394.6017207          300.610534668          0.0          0.984590895111          
24.270190177          -13312.6472897          -14394.6744407          300.610534668          0.0          0.984974309001          
24.5219425365          -13312.6472897          -14394.7592807          300.610534668          0.0          0.985774047808          
24.7732808213          -13312.6472897          -14394.8441207          300.610809326          0.0          0.984670748387          
25.0250331809          -13312.6472897          -14394.9289607          300.610809326          2.0          0.985678010588          
25.2767855405          -13312.6472897          -14395.0138007          300.610809326          0.0          0.985246074562          
25.516505752          -13312.6472897          -14395.0986407          300.611328125          0.0          0.985726026859          
25.7682581116          -13312.6472897          -14395.1834807          300.611328125          0.0          0.985230084201          
26.0200104712          -13312.6472897          -14395.2683207          300.611328125          0.0          0.984750614617          
26.2705699335          -13312.6472897          -14395.3531607          300.611755371          0.0          0.985374016136          
26.5223222931          -13312.6472897          -14395.4380007          300.611755371          0.0          0.985150140183          
26.7740746527          -13312.6472897          -14395.5228407          300.611755371          0.0          0.984782564737          
27.0218910407          -13312.6472897          -14395.6076807          300.612091064          0.0          0.985342027627          
27.2736434003          -13312.6472897          -14395.6925207          300.612091064          0.0          0.985790055831          
27.5253957599          -13312.6472897          -14395.7773607          300.612091064          0.0          0.986414774509          
27.7651159714          -13312.6472897          -14395.8622007          300.612609863          1.0          0.986478892992          
28.016868331          -13312.6472897          -14395.9470407          300.612609863          0.0          0.98712053658          
28.2699884938          -13312.6472897          -14396.0318807          300.613067627          2.0          0.987666590275          
28.5192713398          -13312.6472897          -14396.1167207          300.613067627          1.0          0.987345309078          
28.7710236994          -13312.6472897          -14396.2015607          300.613067627          0.0          0.987313192455          
29.0199836573          -13312.6472897          -14396.2864007          300.613372803          0.0          0.987779088097          
29.2717360169          -13312.6472897          -14396.3712407          300.613372803          1.0          0.987618384767          
29.4875237537          -13312.6472897          -14396.4439607          300.613372803          0.0          0.988390238009          
29.7147140231          -13312.6472897          -14396.5288007          300.613830566          0.0          0.98742560978          
29.9664663827          -13312.6472897          -14396.6136407          300.613830566          0.0          0.987200800723          
30.2182187423          -13312.6472897          -14396.6984807          300.613830566          0.0          0.990535231102          
30.475913185          -13312.6472897          -14396.7833207          300.61416626          1.0          0.983315001831          
30.7276655446          -13312.6472897          -14396.8681607          300.61416626          0.0          0.983569915878          
30.9794179042          -13312.6472897          -14396.9530007          300.61416626          1.0          0.98471866657          
31.22073762          -13312.6472897          -14397.0378407          300.614807129          1.0          0.983793074112          
31.4724899796          -13312.6472897          -14397.1226807          300.614807129          0.0          0.983840906908          
31.7242423392          -13312.6472897          -14397.2075207          300.614807129          1.0          0.984958327461          
31.9716027928          -13312.6472897          -14397.2923607          300.614990234          0.0          0.984080140679          
32.2233551524          -13312.6472897          -14397.3772007          300.614990234          1.0          0.984239694506          
32.4764753153          -13312.6472897          -14397.4620407          300.615447998          0.0          0.984191822926          
32.7232886475          -13312.6472897          -14397.5468807          300.615447998          0.0          0.985054224484          
32.9750410071          -13312.6472897          -14397.6317207          300.615447998          0.0          0.985294048759          
33.2135264618          -13312.6472897          -14397.7165607          300.615966797          1.0          0.98521409436          
33.4652788214          -13312.6472897          -14397.8014007          300.615966797          0.0          0.985613996169          
33.717031181          -13312.6472897          -14397.8862407          300.615966797          2.0          0.985262065442          
33.9621044947          -13312.6472897          -14397.9710807          300.616210938          1.0          0.985613996169          
34.2138568543          -13312.6472897          -14398.0559207          300.616210938          0.0          0.985485992274          
34.4656092139          -13312.6472897          -14398.1407607          300.616210938          2.0          0.986062271788          
34.6751738392          -13312.6472897          -14398.2134807          300.616607666          0.0          0.985806064374          
34.9269261988          -13312.6472897          -14398.2983207          300.616607666          1.0          0.985374016136          
35.1786785584          -13312.6472897          -14398.3831607          300.616607666          0.0          0.98718474685          
35.4272244415          -13312.6472897          -14398.4680007          300.6171875          0.0          0.985758040305          
35.678976801          -13312.6472897          -14398.5528407          300.6171875          1.0          0.985070209137          
35.9307291606          -13312.6472897          -14398.6376807          300.6171875          0.0          0.98590212655          
36.1862276503          -13312.6472897          -14398.7225207          300.617614746          1.0          0.98503824035          
36.4379800099          -13312.6472897          -14398.8073607          300.617614746          0.0          0.984926365935          
36.6905530515          -13312.6472897          -14398.8922007          300.617889404          0.0          0.984942346439          
36.9274883291          -13312.6472897          -14398.9770407          300.617889404          1.0          0.985469994124          
37.1792406887          -13312.6472897          -14399.0618807          300.617889404          0.0          0.984958327461          
37.4259135067          -13312.6472897          -14399.1467207          300.618255615          0.0          0.986639225674          
37.6776658663          -13312.6472897          -14399.2315607          300.618255615          0.0          0.985246074562          
37.9294182259          -13312.6472897          -14399.3164007          300.618255615          1.0          0.98590212655          
38.1747157729          -13312.6472897          -14399.4012407          300.618988037          0.0          0.985565990812          
38.4264681325          -13312.6472897          -14399.4860807          300.618988037          1.0          0.985565990812          
38.6782204921          -13312.6472897          -14399.5709207          300.618988037          1.0          0.985565990812          
38.9240726282          -13312.6472897          -14399.6557607          300.61907959          2.0          0.985854093122          
39.1758249878          -13312.6472897          -14399.7406007          300.61907959          4.0          0.986478892992          
39.4275773474          -13312.6472897          -14399.8254407          300.61907959          0.0          0.986446832709          
39.637689094          -13312.6472897          -14399.8981607          300.619659424          2.0          0.986751489565          
39.8894414536          -13312.6472897          -14399.9830007          300.619659424          1.0          0.987136588365          
40.1411938132          -13312.6472897          -14400.0678407          300.619659424          1.0          0.987554118075          
40.3888278275          -13312.6472897          -14400.1526807          300.619934082          1.0          0.987939843734          
40.6405801871          -13312.6472897          -14400.2375207          300.619934082          0.0          0.988181075321          
40.8935179762          -13312.6472897          -14400.3223607          300.620330811          1.0          0.988100651704          
41.1292184969          -13312.6472897          -14400.4072007          300.620330811          0.0          0.988905477439          
41.3809708565          -13312.6472897          -14400.4920407          300.620330811          0.0          0.988857150924          
41.6263177309          -13312.6472897          -14400.5768807          300.620666504          0.0          0.990535231102          
41.8780700905          -13312.6472897          -14400.6617207          300.620666504          1.0          0.989598676916          
42.1298224501          -13312.6472897          -14400.7465607          300.620666504          1.0          0.990147476522          
42.3727909976          -13312.6472897          -14400.8314007          300.621032715          0.0          0.989308382166          
42.6245433572          -13312.6472897          -14400.9162407          300.621032715          2.0          0.989372877391          
42.8762957168          -13312.6472897          -14401.0010807          300.621032715          1.0          0.990551394133          
43.1323413278          -13312.6472897          -14401.0859207          300.621643066          1.0          0.990583721779          
43.3840936874          -13312.6472897          -14401.1707607          300.621643066          0.0          0.992024441326          
43.635846047          -13312.6472897          -14401.2556007          300.621643066          0.0          0.990939465199          
43.8747455765          -13312.6472897          -14401.3404407          300.621887207          0.0          0.991603123835          
44.1264979361          -13312.6472897          -14401.4252807          300.621887207          0.0          0.991360218801          
44.3782502957          -13312.6472897          -14401.5101207          300.621887207          0.0          0.991716520259          
44.6345276077          -13312.6472897          -14401.5949607          300.622161865          0.0          0.991603123835          
44.8503153445          -13312.6472897          -14401.6676807          300.622161865          2.0          0.991263090106          
45.1020677041          -13312.6472897          -14401.7525207          300.622161865          2.0          0.991797533584          
45.3404619719          -13312.6472897          -14401.8373607          300.622650146          0.0          0.991117432743          
45.5922143315          -13312.6472897          -14401.9222007          300.622650146          1.0          0.992381220481          
45.830061478          -13312.6472897          -14402.0070407          300.622955322          3.0          0.99262462617          
46.0818138376          -13312.6472897          -14402.0918807          300.622955322          2.0          0.992462342446          
46.3335661972          -13312.6472897          -14402.1767207          300.622955322          0.0          0.992900630335          
46.5867775469          -13312.6472897          -14402.2615607          300.623443604          0.0          0.992965594799          
46.8385299065          -13312.6472897          -14402.3464007          300.623443604          1.0          0.993046812335          
47.0902822661          -13312.6472897          -14402.4312407          300.623443604          1.0          0.995897820328          
47.3369550842          -13312.6472897          -14402.5160807          300.623809814          2.0          0.988197161616          
47.5887074438          -13312.6472897          -14402.6009207          300.623809814          1.0          0.988808829132          
47.8404598034          -13312.6472897          -14402.6857607          300.623809814          2.0          0.988969920141          
48.0842983602          -13312.6472897          -14402.7706007          300.624053955          0.0          0.989066599942          
48.3360507198          -13312.6472897          -14402.8554407          300.624053955          1.0          0.988551192647          
48.5878030794          -13312.6472897          -14402.9402807          300.624053955          2.0          0.98953415225          
48.8350723461          -13312.6472897          -14403.0251207          300.624206543          4.0          0.989501893072          
49.0868247057          -13312.6472897          -14403.1099607          300.624206543          1.0          0.990438263988          
49.3385770653          -13312.6472897          -14403.1948007          300.624206543          7.0          0.990955641425          
49.5860705653          -13312.6472897          -14403.2796407          300.624847412          4.0          0.990373629791          
49.8018583021          -13312.6472897          -14403.3523607          300.624847412          0.0          0.991311652074          
50.0548872781          -13312.6472897          -14403.4372007          300.625274658          2.0          0.991295464223          
50.2942920694          -13312.6472897          -14403.5220407          300.625274658          2.0          0.991538337521          
50.546044429          -13312.6472897          -14403.6068807          300.625274658          3.0          0.99113361478          
50.7891953503          -13312.6472897          -14403.6917207          300.625701904          1.0          0.992300111777          
51.0409477099          -13312.6472897          -14403.7765607          300.625701904          3.0          0.992040652995          
51.2927000695          -13312.6472897          -14403.8614007          300.625701904          0.0          0.992024441326          
51.5412952799          -13312.6472897          -14403.9462407          300.62588501          1.0          0.992916870654          
51.7930476395          -13312.6472897          -14404.0310807          300.62588501          0.0          0.992251452918          
52.0447999991          -13312.6472897          -14404.1159207          300.62588501          5.0          0.992819436708          
52.2887297428          -13312.6472897          -14404.2007607          300.626159668          2.0          0.99236499768          
52.5404821024          -13312.6472897          -14404.2856007          300.626159668          3.0          0.993518136169          
52.792234462          -13312.6472897          -14404.3704407          300.626159668          4.0          0.992786962975          
53.0389072801          -13312.6472897          -14404.4552807          300.626525879          0.0          0.99299808022          
53.2906596397          -13312.6472897          -14404.5401207          300.626525879          2.0          0.993274292134          
53.5424119993          -13312.6472897          -14404.6249607          300.626525879          3.0          0.993306797756          
53.7880324343          -13312.6472897          -14404.7098007          300.626953125          5.0          0.993095549235          
54.0397847939          -13312.6472897          -14404.7946407          300.626953125          3.0          0.992851912565          
54.291901901          -13312.6472897          -14404.8794807          300.627075195          1.0          0.993290544679          
54.5313066923          -13312.6472897          -14404.9643207          300.627075195          4.0          0.992348775409          
54.7830590519          -13312.6472897          -14405.0491607          300.627075195          0.0          0.992056865194          
54.9966926952          -13312.6472897          -14405.1218807          300.627593994          0.0          0.992933111505          
55.2484450548          -13312.6472897          -14405.2067207          300.627593994          4.0          0.992657089284          
55.5001974144          -13312.6472897          -14405.2915607          300.627593994          2.0          0.996061229602          
55.7469614194          -13312.6472897          -14405.3764007          300.627990723          9.0          0.988486804502          
55.998713779          -13312.6472897          -14405.4612407          300.627990723          3.0          0.988068485922          
56.2504661386          -13312.6472897          -14405.5460807          300.627990723          6.0          0.987891611549          
56.4870785282          -13312.6472897          -14405.6309207          300.628295898          2.0          0.988647790594          
56.7388308878          -13312.6472897          -14405.7157607          300.628295898          3.0          0.988518997526          
56.9905832474          -13312.6472897          -14405.8006007          300.628295898          4.0          0.988953808678          
57.245029354          -13312.6472897          -14405.8854407          300.62878418          9.0          0.989131063646          
57.4967817136          -13312.6472897          -14405.9702807          300.62878418          7.0          0.98988914208          
57.7485340732          -13312.6472897          -14406.0551207          300.62878418          3.0          0.989260016265          
57.989355995          -13312.6472897          -14406.1399607          300.628845215          10.0          0.989179416938          
58.2411083546          -13312.6472897          -14406.2248007          300.628845215          8.0          0.990729222301          
58.4943197044          -13312.6472897          -14406.3096407          300.629333496          6.0          0.991149797346          
58.7398982798          -13312.6472897          -14406.3944807          300.629333496          3.0          0.991214532895          
58.9916506394          -13312.6472897          -14406.4793207          300.629333496          3.0          0.991457366533          
59.2369975138          -13312.6472897          -14406.5641607          300.629669189          7.0          0.991505947539          
59.4887498734          -13312.6472897          -14406.6490007          300.629669189          3.0          0.991862353775          
59.740502233          -13312.6472897          -14406.7338407          300.629669189          6.0          0.991165980441          
59.9823272106          -13312.6472897          -14406.8186807          300.630065918          2.0          0.991344029363          
60.1981149474          -13312.6472897          -14406.8914007          300.630065918          10.0          0.991894767047          
60.449867307          -13312.6472897          -14406.9762407          300.630065918          1.0          0.991910974478          
60.6967224988          -13312.6472897          -14407.0610807          300.630493164          9.0          0.992089291181          
60.9484748584          -13312.6472897          -14407.1459207          300.630493164          7.0          0.991765126665          
61.200227218          -13312.6472897          -14407.2307607          300.630493164          11.0          0.992738256358          
61.4511095683          -13312.6472897          -14407.3156007          300.630615234          6.0          0.992137934136          
61.7028619279          -13312.6472897          -14407.4004407          300.630615234          4.0          0.992478568431          
61.9546142875          -13312.6472897          -14407.4852807          300.630615234          4.0          0.992916870654          
62.199778788          -13312.6472897          -14407.5701207          300.630889893          3.0          0.992786962975          
62.4515311476          -13312.6472897          -14407.6549607          300.630889893          7.0          0.993274292134          
62.7032835072          -13312.6472897          -14407.7398007          300.630889893          2.0          0.99322553769          
62.9498651384          -13312.6472897          -14407.8246407          300.631225586          9.0          0.995277353763          
63.201617498          -13312.6472897          -14407.9094807          300.631225586          7.0          0.994608769507          
63.4396470182          -13312.6472897          -14407.9943207          300.631591797          7.0          0.994445836414          
63.6913993778          -13312.6472897          -14408.0791607          300.631591797          10.0          0.996093917892          
63.9431517374          -13312.6472897          -14408.1640007          300.631591797          7.0          0.998650231761          
64.1887721724          -13312.6472897          -14408.2488407          300.632019043          7.0          0.990632217204          
64.440524532          -13312.6472897          -14408.3336807          300.632019043          13.0          0.991198348215          
64.6922768916          -13312.6472897          -14408.4185207          300.632019043          4.0          0.991457366533          
64.9428363539          -13312.6472897          -14408.5033607          300.632446289          5.0          0.992819436708          
65.1586240907          -13312.6472897          -14408.5760807          300.632446289          13.0          0.992559706312          
65.4103764503          -13312.6472897          -14408.6609207          300.632446289          8.0          0.993680765384          
65.6596099689          -13312.6472897          -14408.7457607          300.632843018          11.0          0.994739154427          
65.9113623285          -13312.6472897          -14408.8306007          300.632843018          14.0          0.993664500067          
66.1631146881          -13312.6472897          -14408.9154407          300.632843018          18.0          0.993729564531          
66.404757292          -13312.6472897          -14409.0002807          300.633178711          16.0          0.994022460096          
66.6565096516          -13312.6472897          -14409.0851207          300.633178711          19.0          0.993615707309          
66.9082620112          -13312.6472897          -14409.1699607          300.633178711          25.0          0.993745831978          
67.1482139238          -13312.6472897          -14409.2548007          300.633361816          28.0          0.993599444122          
67.3999662833          -13312.6472897          -14409.3396407          300.633361816          30.0          0.992494794946          
67.6527216987          -13312.6472897          -14409.4244807          300.63369751          32.0          0.993290544679          
67.8945960036          -13312.6472897          -14409.5093207          300.63369751          28.0          0.993843447849          
68.1463483632          -13312.6472897          -14409.5941607          300.63369751          25.0          0.993420584189          
68.3990125917          -13312.6472897          -14409.6790007          300.634002686          29.0          0.993469357785          
68.6507649513          -13312.6472897          -14409.7638407          300.634002686          34.0          0.993778368471          
68.9025173109          -13312.6472897          -14409.8486807          300.634002686          25.0          0.993908535751          
69.1459417928          -13312.6472897          -14409.9335207          300.634521484          41.0          0.993631971029          
69.3976941524          -13312.6472897          -14410.0183607          300.634521484          32.0          0.995195770977          
69.649446512          -13312.6472897          -14410.1032007          300.634521484          47.0          0.994902183658          
69.8990029186          -13312.6472897          -14410.1880407          300.634613037          40.0          0.99431552837          
70.1507552782          -13312.6472897          -14410.2728807          300.634613037          30.0          0.995375270764          
70.366543015          -13312.6472897          -14410.3456007          300.634613037          42.0          0.995571162576          
70.6045725352          -13312.6472897          -14410.4304407          300.634979248          20.0          0.995963177603          
70.8563248948          -13312.6472897          -14410.5152807          300.634979248          25.0          0.995963177603          
71.1080772544          -13312.6472897          -14410.6001207          300.634979248          26.0          0.996731768653          
71.3608326698          -13312.6472897          -14410.6849607          300.635314941          24.0          0.995261036136          
71.6125850294          -13312.6472897          -14410.7698007          300.635314941          35.0          0.99614295435          
71.8656140054          -13312.6472897          -14410.8546407          300.635742188          21.0          0.996306444084          
72.0976102556          -13312.6472897          -14410.9394807          300.635742188          18.0          0.996469987493          
72.3493626152          -13312.6472897          -14411.0243207          300.635742188          30.0          0.996486344787          
72.6093441978          -13312.6472897          -14411.1091607          300.636016846          18.0          0.99686271082          
72.8610965574          -13312.6472897          -14411.1940007          300.636016846          25.0          0.996748134543          
73.112848917          -13312.6472897          -14411.2788407          300.636016846          25.0          0.999291361659          
73.3492789328          -13312.6472897          -14411.3636807          300.636260986          22.0          0.99860094815          
73.6010312924          -13312.6472897          -14411.4485207          300.636260986          19.0          0.99863380335          
73.852783652          -13312.6472897          -14411.5333607          300.636260986          15.0          1.00046066282          
74.1020171706          -13312.6472897          -14411.6182007          300.636657715          18.0          0.998485971973          
74.3537695302          -13312.6472897          -14411.7030407          300.636657715          22.0          0.999307811712          
74.6055218898          -13312.6472897          -14411.7878807          300.636657715          13.0          0.998847414859          
74.8462032975          -13312.6472897          -14411.8727207          300.637084961          19.0          0.999077560245          
75.0979556571          -13312.6472897          -14411.9575607          300.637084961          15.0          0.999143335551          
75.3497080167          -13312.6472897          -14412.0424007          300.637084961          15.0          0.99871595081          
75.5672776316          -13312.6472897          -14412.1151207          300.637268066          16.0          0.999011793599          
75.8190299912          -13312.6472897          -14412.1999607          300.637268066          23.0          0.99883097996          
76.0715118459          -13312.6472897          -14412.2848007          300.637512207          25.0          0.998814545602          
76.3084471235          -13312.6472897          -14412.3696407          300.637512207          23.0          0.998946035611          
76.5601994831          -13312.6472897          -14412.4544807          300.637512207          15.0          0.999061117772          
76.8129548984          -13312.6472897          -14412.5393207          300.6378479          26.0          0.999028234449          
77.064707258          -13312.6472897          -14412.6241607          300.6378479          21.0          0.999291361659          
77.3164596176          -13312.6472897          -14412.7090007          300.6378479          38.0          0.998666660712          
77.5599334269          -13312.6472897          -14412.7938407          300.637969971          39.0          0.999686312464          
77.8116857865          -13312.6472897          -14412.8786807          300.637969971          37.0          0.999439431635          
78.0634381461          -13312.6472897          -14412.9635207          300.637969971          43.0          0.999587545498          
78.3079150112          -13312.6472897          -14413.0483607          300.638427734          53.0          0.999159780731          
78.5596673708          -13312.6472897          -14413.1332007          300.638427734          63.0          0.999752167952          
78.8114197304          -13312.6472897          -14413.2180407          300.638427734          87.0          1.00016396141          
79.0611585107          -13312.6472897          -14413.3028807          300.638580322          129.0          0.999883904962          
79.3129108703          -13312.6472897          -14413.3877207          300.638580322          223.0          1.00026284233          
79.5646632299          -13312.6472897          -14413.4725607          300.638580322          392.0          1.00046066282          
79.8044746283          -13312.6472897          -14413.5574007          300.639129639          579.0          0.999636926541          
80.0562269879          -13312.6472897          -14413.6422407          300.639129639          823.0          1.0004771514          
80.3079793475          -13312.6472897          -14413.7270807          300.639129639          815.0          0.999933315292          
80.5265101586          -13312.6472897          -14413.7998007          300.639221191          719.0          1.00027932438          
80.7782625182          -13312.6472897          -14413.8846407          300.639221191          454.0          0.999422977248          
81.0111706373          -13312.6472897          -14413.9694807          300.639526367          233.0          0.995701799958          
81.2629229969          -13312.6472897          -14414.0543207          300.639526367          127.0          0.994429546041          
81.5146753565          -13312.6472897          -14414.1391607          300.639526367          59.0          0.995130514378          
81.7650524451          -13312.6472897          -14414.2240007          300.639892578          54.0          0.994266671658          
82.0168048047          -13312.6472897          -14414.3088407          300.639892578          32.0          0.995538508586          
82.2685571643          -13312.6472897          -14414.3936807          300.639892578          24.0          0.99614295435          
82.5098350206          -13312.6472897          -14414.4785207          300.640106201          27.0          0.996061229602          
82.7615873801          -13312.6472897          -14414.5633607          300.640106201          23.0          0.996061229602          
83.0133397397          -13312.6472897          -14414.6482007          300.640106201          27.0          0.995995859457          
83.2638080152          -13312.6472897          -14414.7330407          300.64050293          24.0          0.996437274516          
83.5155603748          -13312.6472897          -14414.8178807          300.64050293          29.0          0.99614295435          
83.7673127344          -13312.6472897          -14414.9027207          300.64050293          21.0          0.996699038487          
84.003925124          -13312.6472897          -14414.9875607          300.640808105          20.0          0.996388209078          
84.2556774836          -13312.6472897          -14415.0724007          300.640808105          19.0          0.996813603476          
84.5074298432          -13312.6472897          -14415.1572407          300.640808105          21.0          0.996617222473          
84.7537379137          -13312.6472897          -14415.2420807          300.641052246          21.0          0.996960940024          
85.0054902733          -13312.6472897          -14415.3269207          300.641052246          16.0          0.99697731344          
85.254632605          -13312.6472897          -14415.4117607          300.641418457          16.0          0.997255743824          
85.5063849646          -13312.6472897          -14415.4966007          300.641418457          23.0          0.997419599061          
85.7221727014          -13312.6472897          -14415.5693207          300.641418457          23.0          0.997927892654          
85.9733286124          -13312.6472897          -14415.6541607          300.64163208          27.0          0.997550722024          
86.225080972          -13312.6472897          -14415.7390007          300.64163208          19.0          0.999192672714          
86.4768333316          -13312.6472897          -14415.8238407          300.64163208          25.0          0.99904467584          
86.7107026469          -13312.6472897          -14415.9086807          300.641845703          30.0          0.999258463178          
86.9624550065          -13312.6472897          -14415.9935207          300.641845703          26.0          0.99978509895          
87.2142073661          -13312.6472897          -14416.0783607          300.641845703          32.0          0.999422977248          
87.4686534727          -13312.6472897          -14416.1632007          300.642333984          35.0          0.999867435937          
87.7204058323          -13312.6472897          -14416.2480407          300.642333984          31.0          1.00103808644          
87.9721581919          -13312.6472897          -14416.3328807          300.642333984          31.0          1.00090604515          
88.2213005236          -13312.6472897          -14416.4177207          300.642700195          36.0          1.00202950774          
88.4730528832          -13312.6472897          -14416.5025607          300.642700195          35.0          1.00145094013          
88.7248052428          -13312.6472897          -14416.5874007          300.642700195          30.0          1.00260874425          
88.9658095384          -13312.6472897          -14416.6722407          300.642822266          34.0          1.0023769693          
89.217561898          -13312.6472897          -14416.7570807          300.642822266          43.0          1.00227766999          
89.4702261265          -13312.6472897          -14416.8419207          300.643127441          31.0          1.00221148137          
89.7121004314          -13312.6472897          -14416.9267607          300.643127441          31.0          0.997157456521          
89.963852791          -13312.6472897          -14417.0116007          300.643127441          36.0          0.997304894742          
90.2151910757          -13312.6472897          -14417.0964407          300.6434021          44.0          0.997796670525          
90.4669434353          -13312.6472897          -14417.1812807          300.6434021          58.0          0.998584521361          
90.7186957949          -13312.6472897          -14417.2661207          300.6434021          50.0          0.999752167952          
90.9286744951          -13312.6472897          -14417.3388407          300.64352417          61.0          0.999818032118          
91.1804268547          -13312.6472897          -14417.4236807          300.64352417          72.0          0.998978913523          
91.4321792143          -13312.6472897          -14417.5085207          300.64352417          53.0          0.999439431635          
91.6795815274          -13312.6472897          -14417.5933607          300.644134521          60.0          0.999110446816          
91.931333887          -13312.6472897          -14417.6782007          300.644134521          45.0          0.999291361659          
92.1830862466          -13312.6472897          -14417.7630407          300.644134521          66.0          0.99935716512          
92.4193338887          -13312.6472897          -14417.8478807          300.644317627          47.0          0.998863850299          
92.6710862483          -13312.6472897          -14417.9327207          300.644317627          44.0          0.999159780731          
92.9228386079          -13312.6472897          -14418.0175607          300.644317627          55.0          0.998798111785          
93.1654424079          -13312.6472897          -14418.1024007          300.644561768          48.0          0.99937361734          
93.4171947675          -13312.6472897          -14418.1872407          300.644561768          41.0          0.998666660712          
93.6702237435          -13312.6472897          -14418.2720807          300.644989014          37.0          0.999324262306          
93.9133328053          -13312.6472897          -14418.3569207          300.644989014          41.0          0.999587545498          
94.1650851649          -13312.6472897          -14418.4417607          300.644989014          26.0          0.99937361734          
94.4181634682          -13312.6472897          -14418.5266007          300.645019531          27.0          0.998929597467          
94.6699158278          -13312.6472897          -14418.6114407          300.645019531          11.0          0.999982730505          
94.9216681874          -13312.6472897          -14418.6962807          300.645019531          15.0          0.999488798045          
95.1721364628          -13312.6472897          -14418.7811207          300.64541626          17.0          1.00102157938          
95.4238888224          -13312.6472897          -14418.8659607          300.64541626          16.0          1.00054311112          
95.675641182          -13312.6472897          -14418.9508007          300.64541626          15.0          1.00176493676          
95.8770677712          -13312.6472897          -14419.0235207          300.645568848          10.0          1.00087304026          
96.1288201308          -13312.6472897          -14419.1083607          300.645568848          17.0          1.00120318706          
96.3805724904          -13312.6472897          -14419.1932007          300.645568848          13.0          1.0022280277          
96.6237234117          -13312.6472897          -14419.2780407          300.645996094          10.0          1.00204604807          
96.8754757713          -13312.6472897          -14419.3628807          300.645996094          6.0          1.00227766999          
97.1272281309          -13312.6472897          -14419.4477207          300.645996094          16.0          1.00405146606          
97.3724838184          -13312.6472897          -14419.5325607          300.64630127          13.0          1.00295660771          
97.624236178          -13312.6472897          -14419.6174007          300.64630127          12.0          1.00265842425          
97.8763532851          -13312.6472897          -14419.7022407          300.64642334          12.0          1.00313891825          
98.1305751584          -13312.6472897          -14419.7870807          300.64642334          12.0          1.00425078808          
98.382327518          -13312.6472897          -14419.8719207          300.64642334          10.0          1.00459979211          
98.618343459          -13312.6472897          -14419.9567607          300.646942139          8.0          1.0043837134          
98.8700958186          -13312.6472897          -14420.0416007          300.646942139          5.0          1.00491576675          
99.1218481782          -13312.6472897          -14420.1264407          300.646942139          18.0          1.00481596382          
99.3639048569          -13312.6472897          -14420.2112807          300.647003174          12.0          1.00463304324          
99.6156572165          -13312.6472897          -14420.2961207          300.647003174          16.0          1.00538177605          
99.8674095761          -13312.6472897          -14420.3809607          300.647003174          9.0          1.0044668096          
100.120620926          -13312.6472897          -14420.4658007          300.647491455          14.0          1.00536512542          
100.372373285          -13312.6472897          -14420.5506407          300.647491455          10.0          1.00483259626          
100.624125645          -13312.6472897          -14420.6354807          300.647491455          11.0          1.00561494282          
100.876060378          -13312.6472897          -14420.7203207          300.64755249          5.0          1.00511543212          
101.091848115          -13312.6472897          -14420.7930407          300.64755249          14.0          1.00503222857          
101.343600475          -13312.6472897          -14420.8778807          300.64755249          8.0          1.00648193849          
101.587256658          -13312.6472897          -14420.9627207          300.647735596          11.0          1.00558162666          
101.839009017          -13312.6472897          -14421.0475607          300.647735596          11.0          1.00591488762          
102.090761377          -13312.6472897          -14421.1324007          300.647735596          20.0          1.00621501141          
102.335147055          -13312.6472897          -14421.2172407          300.648162842          19.0          1.00619833316          
102.586899415          -13312.6472897          -14421.3020807          300.648162842          9.0          1.00641519344          
102.827033701          -13312.6472897          -14421.3869207          300.648406982          10.0          1.00688259476          
103.078786061          -13312.6472897          -14421.4717607          300.648406982          12.0          1.00706633551          
103.33053842          -13312.6472897          -14421.5566007          300.648406982          10.0          1.00761796033          
103.575338173          -13312.6472897          -14421.6414407          300.64855957          12.0          1.00753434197          
103.827090533          -13312.6472897          -14421.7262807          300.64855957          4.0          1.00746745727          
104.078842893          -13312.6472897          -14421.8111207          300.64855957          8.0          1.0071498762          
104.325789271          -13312.6472897          -14421.8959607          300.649017334          11.0          1.00796930906          
104.577541631          -13312.6472897          -14421.9808007          300.649017334          6.0          1.0087733127          
104.82929399          -13312.6472897          -14422.0656407          300.649017334          10.0          1.00840465187          
105.07875921          -13312.6472897          -14422.1504807          300.649078369          7.0          1.0088403709          
105.33051157          -13312.6472897          -14422.2353207          300.649078369          8.0          1.00892420619          
105.582263929          -13312.6472897          -14422.3201607          300.649078369          10.0          1.00798604606          
105.834836971          -13312.6472897          -14422.4050007          300.649353027          7.0          1.00833765158          
106.086589331          -13312.6472897          -14422.4898407          300.649353027          10.0          1.00801952174          
106.302377067          -13312.6472897          -14422.5625607          300.649353027          8.0          1.00897451405          
106.539536578          -13312.6472897          -14422.6474007          300.649841309          8.0          1.00300632219          
106.791288938          -13312.6472897          -14422.7322407          300.649841309          8.0          1.00204604807          
107.043406045          -13312.6472897          -14422.8170807          300.649963379          11.0          1.00413450729          
107.286515107          -13312.6472897          -14422.9019207          300.649963379          8.0          1.00413450729          
107.538267466          -13312.6472897          -14422.9867607          300.649963379          15.0          1.00345397445          
107.784757911          -13312.6472897          -14423.0716007          300.650268555          10.0          1.00416772762          
108.03651027          -13312.6472897          -14423.1564407          300.650268555          11.0          1.00418433862          
108.28826263          -13312.6472897          -14423.2412807          300.650268555          5.0          1.00318865081          
108.53113999          -13312.6472897          -14423.3261207          300.650604248          15.0          1.00459979211          
108.78289235          -13312.6472897          -14423.4109607          300.650604248          9.0          1.00450005193          
109.03464471          -13312.6472897          -14423.4958007          300.650604248          9.0          1.00513207448          
109.284109929          -13312.6472897          -14423.5806407          300.650665283          6.0          1.00498231306          
109.535862289          -13312.6472897          -14423.6654807          300.650665283          9.0          1.00594822587          
109.787614649          -13312.6472897          -14423.7503207          300.650665283          7.0          1.00584821776          
110.035248663          -13312.6472897          -14423.8351607          300.650939941          8.0          1.00649862613          
110.287001022          -13312.6472897          -14423.9200007          300.650939941          8.0          1.0062817299          
110.538753382          -13312.6472897          -14424.0048407          300.650939941          6.0          1.00593155647          
110.785517387          -13312.6472897          -14424.0896807          300.65133667          5.0          1.00666553303          
111.037269747          -13312.6472897          -14424.1745207          300.65133667          5.0          1.00720000727          
111.253513418          -13312.6472897          -14424.2472407          300.651489258          5.0          1.00803626041          
111.491683452          -13312.6472897          -14424.3320807          300.651489258          6.0          1.00688259476          
111.743435812          -13312.6472897          -14424.4169207          300.651489258          4.0          1.00776850836          
111.989743882          -13312.6472897          -14424.5017607          300.651733398          4.0          1.00741729958          
112.241496242          -13312.6472897          -14424.5866007          300.651733398          4.0          1.00795257261          
112.493248601          -13312.6472897          -14424.6714407          300.651733398          7.0          1.00770159257          
112.740377354          -13312.6472897          -14424.7562807          300.652252197          3.0          1.0086727421          
112.992129714          -13312.6472897          -14424.8411207          300.652252197          8.0          1.00865598229          
113.243882073          -13312.6472897          -14424.9259607          300.652252197          1.0          1.00823716783          
113.490148284          -13312.6472897          -14425.0108007          300.652069092          6.0          1.00879007641          
113.741900644          -13312.6472897          -14425.0956407          300.652069092          5.0          1.00897451405          
113.993653003          -13312.6472897          -14425.1804807          300.652069092          6.0          1.00885713684          
114.234699159          -13312.6472897          -14425.2653207          300.652618408          6.0          1.00907514483          
114.486451518          -13312.6472897          -14425.3501607          300.652618408          0.0          1.00919257278          
114.738203878          -13312.6472897          -14425.4350007          300.652618408          3.0          1.00924290741          
114.984785509          -13312.6472897          -14425.5198407          300.652954102          3.0          1.00403485946          
115.236537868          -13312.6472897          -14425.6046807          300.652954102          3.0          1.00474943954          
115.488746163          -13312.6472897          -14425.6895207          300.653106689          4.0          1.00506550834          
115.730620467          -13312.6472897          -14425.7743607          300.653106689          2.0          1.00558162666          
115.982372827          -13312.6472897          -14425.8592007          300.653106689          4.0          1.00609827532          
116.228224963          -13312.6472897          -14425.9440407          300.653198242          4.0          1.00613162572          
116.4440127          -13312.6472897          -14426.0167607          300.653198242          2.0          1.00761796033          
116.69576506          -13312.6472897          -14426.1016007          300.653198242          1.0          1.0071498762          
116.949846419          -13312.6472897          -14426.1864407          300.653564453          2.0          1.00753434197          
117.201598778          -13312.6472897          -14426.2712807          300.653564453          4.0          1.00902482694          
117.453351138          -13312.6472897          -14426.3561207          300.653564453          3.0          1.00803626041          
117.693667798          -13312.6472897          -14426.4409607          300.653869629          3.0          1.00900805542          
117.945420157          -13312.6472897          -14426.5258007          300.653869629          5.0          1.0094946559          
118.197172517          -13312.6472897          -14426.6106407          300.653869629          2.0          1.00880684068          
118.455828156          -13312.6472897          -14426.6954807          300.65411377          3.0          1.01036835721          
118.707580516          -13312.6472897          -14426.7803207          300.65411377          4.0          1.00984731486          
118.959332875          -13312.6472897          -14426.8651607          300.65411377          4.0          1.00942751069          
119.191967434          -13312.6472897          -14426.9500007          300.654327393          2.0          1.01097411381          
119.443719793          -13312.6472897          -14427.0348407          300.654327393          0.0          1.01080577524          
119.695472153          -13312.6472897          -14427.1196807          300.654327393          3.0          1.01181664841          
119.937802392          -13312.6472897          -14427.2045207          300.65447998          4.0          1.01163117033          
120.189554752          -13312.6472897          -14427.2893607          300.65447998          2.0          1.01139520565          
120.436136383          -13312.6472897          -14427.3742007          300.654815674          2.0          1.01247480091          
120.687888742          -13312.6472897          -14427.4590407          300.654815674          4.0          1.01166488856          
120.939641102          -13312.6472897          -14427.5438807          300.654815674          1.0          1.01259302149          
121.187183929          -13312.6472897          -14427.6287207          300.655059814          1.0          1.01352285897          
121.438936289          -13312.6472897          -14427.7135607          300.655059814          3.0          1.01274505994          
121.654724026          -13312.6472897          -14427.7862807          300.655059814          1.0          1.01347209653          
121.903410423          -13312.6472897          -14427.8711207          300.655273438          1.0          1.01472572275          
122.155162783          -13312.6472897          -14427.9559607          300.655273438          3.0          1.01475964759          
122.406915142          -13312.6472897          -14428.0408007          300.655273438          5.0          1.01506507321          
122.654275596          -13312.6472897          -14428.1256407          300.655456543          1.0          1.01489536961          
122.906027955          -13312.6472897          -14428.2104807          300.655456543          3.0          1.01567647634          
123.157780315          -13312.6472897          -14428.2953207          300.655456543          3.0          1.01691852983          
123.397044592          -13312.6472897          -14428.3801607          300.655822754          2.0          1.01014979013          
123.648796952          -13312.6472897          -14428.4650007          300.655822754          2.0          1.01078894447          
123.900549311          -13312.6472897          -14428.5498407          300.655822754          3.0          1.01107514387          
124.148183326          -13312.6472897          -14428.6346807          300.656097412          0.0          1.01087310394          
124.399935685          -13312.6472897          -14428.7195207          300.656097412          4.0          1.01146261289          
124.642357111          -13312.6472897          -14428.8043607          300.656280518          2.0          1.01117619412          
124.894109471          -13312.6472897          -14428.8892007          300.656280518          3.0          1.01147946611          
125.145861831          -13312.6472897          -14428.9740407          300.656280518          1.0          1.01088993752          
125.395186536          -13312.6472897          -14429.0588807          300.656707764          2.0          1.01139520565          
125.646938896          -13312.6472897          -14429.1437207          300.656707764          0.0          1.01218780868          
125.898691255          -13312.6472897          -14429.2285607          300.656707764          5.0          1.01132780738          
126.151355484          -13312.6472897          -14429.3134007          300.657012939          2.0          1.01144576024          
126.403107843          -13312.6472897          -14429.3982407          300.657012939          0.0          1.0105870189          
126.61889558          -13312.6472897          -14429.4709607          300.657012939          1.0          1.01124357218          
126.859535128          -13312.6472897          -14429.5558007          300.657012939          0.0          1.01191784694          
127.111287488          -13312.6472897          -14429.6406407          300.657012939          1.0          1.01230596225          
127.363039847          -13312.6472897          -14429.7254807          300.657012939          0.0          1.01277885247          
127.603174134          -13312.6472897          -14429.8103207          300.65725708          2.0          1.0126436959          
127.854926493          -13312.6472897          -14429.8951607          300.65725708          1.0          1.01323527237          
128.106678853          -13312.6472897          -14429.9800007          300.65725708          0.0          1.01331983972          
128.353989979          -13312.6472897          -14430.0648407          300.657836914          4.0          1.01384447254          
128.605742339          -13312.6472897          -14430.1496807          300.657836914          3.0          1.01406464157          
128.857221138          -13312.6472897          -14430.2345207          300.657745361          3.0          1.01433575013          
129.102799713          -13312.6472897          -14430.3193607          300.657745361          4.0          1.01581244374          
129.354552073          -13312.6472897          -14430.4042007          300.657745361          2.0          1.01581244374          
129.603694405          -13312.6472897          -14430.4890407          300.658111572          2.0          1.01489536961          
129.855446764          -13312.6472897          -14430.5738807          300.658111572          3.0          1.01562549795          
130.107199124          -13312.6472897          -14430.6587207          300.658111572          0.0          1.01518389949          
130.347606971          -13312.6472897          -14430.7435607          300.658447266          1.0          1.01565948298          
130.59935933          -13312.6472897          -14430.8284007          300.658447266          2.0          1.0158634409          
130.85111169          -13312.6472897          -14430.9132407          300.658447266          0.0          1.01481053909          
131.103411171          -13312.6472897          -14430.9980807          300.658630371          1.0          1.01565948298          
131.35516353          -13312.6472897          -14431.0829207          300.658630371          0.0          1.01565948298          
131.60691589          -13312.6472897          -14431.1677607          300.658630371          1.0          1.01649282716          
131.814698637          -13312.6472897          -14431.2404807          300.658843994          0.0          1.01579544583          
132.066450997          -13312.6472897          -14431.3253207          300.658843994          0.0          1.01700371315          
132.318203356          -13312.6472897          -14431.4101607          300.658843994          2.0          1.01732753998          
132.5595724          -13312.6472897          -14431.4950007          300.659088135          0.0          1.01731049132          
132.811324759          -13312.6472897          -14431.5798407          300.659088135          0.0          1.0182319373          
133.064171361          -13312.6472897          -14431.6646807          300.659454346          0.0          1.01824901686          
133.299871882          -13312.6472897          -14431.7495207          300.659454346          0.0          1.01871038158          
133.551624242          -13312.6472897          -14431.8343607          300.659454346          1.0          1.01766863318          
133.796515182          -13312.6472897          -14431.9192007          300.659637451          1.0          1.01754922455          
134.048267541          -13312.6472897          -14432.0040407          300.659637451          0.0          1.01777100575          
134.300019901          -13312.6472897          -14432.0888807          300.659637451          0.0          1.01702075153          
134.565628146          -13312.6472897          -14432.1737207          300.659729004          0.0          1.01727639572          
134.817380506          -13312.6472897          -14432.2585607          300.659729004          0.0          1.01773687927          
135.069132865          -13312.6472897          -14432.3434007          300.659729004          1.0          1.01685039344          
135.300988601          -13312.6472897          -14432.4282407          300.660095215          0.0          1.01811239645          
135.552740961          -13312.6472897          -14432.5130807          300.660095215          1.0          1.01707187009          
135.804493321          -13312.6472897          -14432.5979207          300.660095215          0.0          1.01659496329          
136.057066362          -13312.6472897          -14432.6827607          300.660369873          0.0          1.01736163901          
136.308818722          -13312.6472897          -14432.7676007          300.660369873          1.0          1.01714003616          
136.560571081          -13312.6472897          -14432.8524407          300.660369873          0.0          1.01746394982          
136.762362418          -13312.6472897          -14432.9251607          300.660644531          0.0          1.01830025897          
137.014114778          -13312.6472897          -14433.0100007          300.660644531          1.0          1.01780513452          
137.265867137          -13312.6472897          -14433.0948407          300.660644531          1.0          1.01864200487          
137.515149983          -13312.6472897          -14433.1796807          300.660644531          0.0          1.01818070207          
137.766902343          -13312.6472897          -14433.2645207          300.660644531          1.0          1.01913794406          
138.014353983          -13312.6472897          -14433.3493607          300.660858154          0.0          1.01898398023          
138.266106343          -13312.6472897          -14433.4342007          300.660858154          0.0          1.01906950995          
138.517858703          -13312.6472897          -14433.5190407          300.660858154          0.0          1.0204399408          
138.76197082          -13312.6472897          -14433.6038807          300.661193848          0.0          1.02007984604          
139.01372318          -13312.6472897          -14433.6887207          300.661193848          0.0          1.02085178909          
139.265475539          -13312.6472897          -14433.7735607          300.661193848          1.0          1.02126396995          
139.515396693          -13312.6472897          -14433.8584007          300.661407471          0.0          1.02202049999          
139.767149053          -13312.6472897          -14433.9432407          300.661407471          2.0          1.02109218748          
140.018901413          -13312.6472897          -14434.0280807          300.661407471          0.0          1.0246772047          
140.245271          -13312.6472897          -14434.1129207          300.661590576          0.0          1.01707187009          
140.49702336          -13312.6472897          -14434.1977607          300.661590576          1.0          1.01695260145          
140.748775719          -13312.6472897          -14434.2826007          300.661590576          1.0          1.01775394223          
141.013696329          -13312.6472897          -14434.3674407          300.661865234          0.0          1.01857363734          
141.265448689          -13312.6472897          -14434.4522807          300.661865234          0.0          1.01936041843          
141.51802173          -13312.6472897          -14434.5371207          300.662139893          0.0          1.01930906957          
141.764835063          -13312.6472897          -14434.6219607          300.662139893          0.0          1.02040563511          
141.980622799          -13312.6472897          -14434.6946807          300.662139893          1.0          1.01975426495          
142.216091619          -13312.6472897          -14434.7795207          300.662475586          1.0          1.02086895665          
142.467843979          -13312.6472897          -14434.8643607          300.662475586          0.0          1.02117807149          
142.719596338          -13312.6472897          -14434.9492007          300.662475586          1.0          1.02114371616          
142.964213717          -13312.6472897          -14435.0340407          300.662567139          0.0          1.02176246614          
143.215966077          -13312.6472897          -14435.1188807          300.662567139          0.0          1.02138425208          
143.467718437          -13312.6472897          -14435.2037207          300.662567139          0.0          1.02177966434          
143.721708609          -13312.6472897          -14435.2885607          300.662902832          0.0          1.02322638323          
143.973460968          -13312.6472897          -14435.3734007          300.662902832          0.0          1.02238196642          
144.225213328          -13312.6472897          -14435.4582407          300.662902832          0.0          1.02345064636          
144.470286642          -13312.6472897          -14435.5430807          300.663146973          0.0          1.02296774019          
144.722039001          -13312.6472897          -14435.6279207          300.663146973          0.0          1.02338163185          
144.973791361          -13312.6472897          -14435.7127607          300.663146973          0.0          1.02314015435          
145.221060628          -13312.6472897          -14435.7976007          300.663299561          0.0          1.02421042075          
145.472812987          -13312.6472897          -14435.8824407          300.663299561          1.0          1.02369227046          
145.724565347          -13312.6472897          -14435.9672807          300.663299561          0.0          1.02365774574          
145.958617036          -13312.6472897          -14436.0521207          300.663574219          1.0          1.02374406189          
146.210369395          -13312.6472897          -14436.1369607          300.663574219          0.0          1.02491940837          
146.466555521          -13312.6472897          -14436.2218007          300.663818359          0.0          1.02524829654          
146.71830788          -13312.6472897          -14436.3066407          300.663818359          0.0          1.0240030977          
146.97006024          -13312.6472897          -14436.3914807          300.663818359          0.0          1.02471179822          
147.173773969          -13312.6472897          -14436.4642007          300.663909912          0.0          1.02481559278          
147.425526328          -13312.6472897          -14436.5490407          300.663909912          0.0          1.02481559278          
147.677278688          -13312.6472897          -14436.6338807          300.663909912          0.0          1.0243832541          
147.923404385          -13312.6472897          -14436.7187207          300.664093018          0.0          1.0262882779          
148.175156744          -13312.6472897          -14436.8035607          300.664093018          0.0          1.0251963528          
148.426909104          -13312.6472897          -14436.8884007          300.664093018          0.0          1.02797405107          
148.67650737          -13312.6472897          -14436.9732407          300.664611816          1.0          1.02045709451          
148.92825973          -13312.6472897          -14437.0580807          300.664611816          0.0          1.02093763266          
149.180012089          -13312.6472897          -14437.1429207          300.664611816          0.0          1.02183126242          
149.423121151          -13312.6472897          -14437.2277607          300.664611816          0.0          1.02251973518          
149.674873511          -13312.6472897          -14437.3126007          300.664611816          0.0          1.02253695888          
149.92662587          -13312.6472897          -14437.3974407          300.664611816          1.0          1.02364048426          
150.175494641          -13312.6472897          -14437.4822807          300.664886475          0.0          1.02312291032          
150.427247001          -13312.6472897          -14437.5671207          300.664886475          0.0          1.02391673787          
150.679364108          -13312.6472897          -14437.6519607          300.665008545          1.0          1.02424498276          
150.918768899          -13312.6472897          -14437.7368007          300.665008545          0.0          1.02431411376          
151.170521259          -13312.6472897          -14437.8216407          300.665008545          0.0          1.02433139797          
151.418611208          -13312.6472897          -14437.9064807          300.665435791          1.0          1.02445240377          
151.670363567          -13312.6472897          -14437.9913207          300.665435791          0.0          1.0246772047          
151.922115927          -13312.6472897          -14438.0761607          300.665435791          0.0          1.02391673787          
152.130081048          -13312.6472897          -14438.1488807          300.665710449          1.0          1.02396855202          
152.381833407          -13312.6472897          -14438.2337207          300.665710449          0.0          1.02429683014          
152.633585767          -13312.6472897          -14438.3185607          300.665710449          0.0          1.0243832541          
152.882272164          -13312.6472897          -14438.4034007          300.665924072          0.0          1.02379585857          
153.134024524          -13312.6472897          -14438.4882407          300.665924072          0.0          1.02465990882          
153.385776883          -13312.6472897          -14438.5730807          300.665924072          0.0          1.02483289391          
153.628107123          -13312.6472897          -14438.6579207          300.66607666          0.0          1.0243832541          
153.879859482          -13312.6472897          -14438.7427607          300.66607666          1.0          1.02557739586          
154.131611842          -13312.6472897          -14438.8276007          300.66607666          0.0          1.02564670685          
154.373850894          -13312.6472897          -14438.9124407          300.66619873          0.0          1.0251963528          
154.625603254          -13312.6472897          -14438.9972807          300.66619873          3.0          1.02554274387          
154.878358669          -13312.6472897          -14439.0821207          300.666534424          0.0          1.02661804532          
155.121467731          -13312.6472897          -14439.1669607          300.666534424          0.0          1.02672222644          
155.373220091          -13312.6472897          -14439.2518007          300.666534424          0.0          1.02588936911          
155.621815301          -13312.6472897          -14439.3366407          300.666717529          0.0          1.02665277001          
155.873567661          -13312.6472897          -14439.4214807          300.666717529          2.0          1.02745208669          
156.12532002          -13312.6472897          -14439.5063207          300.666717529          0.0          1.02710440482          
156.373227595          -13312.6472897          -14439.5911607          300.66708374          0.0          1.02746947697          
156.624979955          -13312.6472897          -14439.6760007          300.66708374          0.0          1.02853139794          
156.876732314          -13312.6472897          -14439.7608407          300.66708374          2.0          1.0280610967          
157.118697806          -13312.6472897          -14439.8456807          300.667114258          1.0          1.02813074382          
157.334485543          -13312.6472897          -14439.9184007          300.667114258          0.0          1.02908934951          
157.586237903          -13312.6472897          -14440.0032407          300.667114258          0.0          1.02882773436          
157.832454786          -13312.6472897          -14440.0880807          300.667327881          1.0          1.02961297916          
158.084207146          -13312.6472897          -14440.1729207          300.667327881          0.0          1.02919403282          
158.335959505          -13312.6472897          -14440.2577607          300.667327881          0.0          1.0291416885          
158.579524502          -13312.6472897          -14440.3426007          300.667480469          0.0          1.0295082106          
