scan_0012.mda
%xtal1A= Column: 1
%signal= Column: 2
-13313.6411297          0.0          
-13313.6411297          0.0          
-13313.6411297          0.0          
-13313.6411297          0.0          
-13313.6411297          0.0          
-13313.6411297          0.0          
-13313.6411297          0.0          
-13313.6411297          0.0          
-13313.6411297          0.0          
-13313.6411297          0.0          
-13313.6411297          0.0          
-13313.6411297          0.0          
-13313.6411297          0.0          
-13313.6411297          0.0          
-13313.6411297          0.0          
-13313.6411297          0.0          
-13313.6411297          0.0          
-13313.6411297          0.0          
-13313.6411297          0.0          
-13313.6411297          2.0          
-13313.6411297          0.0          
-13313.6411297          0.0          
-13313.6411297          0.0          
-13313.6411297          0.0          
-13313.6411297          0.0          
-13313.6411297          0.0          
-13313.6411297          0.0          
-13313.6411297          0.0          
-13313.6411297          0.0          
-13313.6411297          0.0          
-13313.6411297          1.0          
-13313.6411297          0.0          
-13313.6411297          0.0          
-13313.6411297          0.0          
-13313.6411297          0.0          
-13313.6411297          0.0          
-13313.6411297          0.0          
-13313.6411297          0.0          
-13313.6411297          0.0          
-13313.6411297          1.0          
-13313.6411297          1.0          
-13313.6411297          0.0          
-13313.6411297          0.0          
-13313.6411297          0.0          
-13313.6411297          1.0          
-13313.6411297          1.0          
-13313.6411297          1.0          
-13313.6411297          1.0          
-13313.6411297          0.0          
-13313.6411297          0.0          
-13313.6411297          0.0          
-13313.6411297          0.0          
-13313.6411297          0.0          
-13313.6411297          0.0          
-13313.6411297          0.0          
-13313.6411297          0.0          
-13313.6411297          0.0          
-13313.6411297          2.0          
-13313.6411297          0.0          
-13313.6411297          0.0          
-13313.6411297          0.0          
-13313.6411297          1.0          
-13313.6411297          0.0          
-13313.6411297          0.0          
-13313.6411297          0.0          
-13313.6411297          1.0          
-13313.6411297          1.0          
-13313.6411297          1.0          
-13313.6411297          0.0          
-13313.6411297          0.0          
-13313.6411297          0.0          
-13313.6411297          0.0          
-13313.6411297          1.0          
-13313.6411297          0.0          
-13313.6411297          0.0          
-13313.6411297          0.0          
-13313.6411297          0.0          
-13313.6411297          0.0          
-13313.6411297          0.0          
-13313.6411297          0.0          
-13313.6411297          0.0          
-13313.6411297          0.0          
-13313.6411297          0.0          
-13313.6411297          0.0          
-13313.6411297          1.0          
-13313.6411297          0.0          
-13313.6411297          0.0          
-13313.6411297          0.0          
-13313.6411297          0.0          
-13313.6411297          1.0          
-13313.6411297          0.0          
-13313.6411297          0.0          
-13313.6411297          1.0          
-13313.6411297          0.0          
-13313.6411297          1.0          
-13313.6411297          0.0          
-13313.6411297          1.0          
-13313.6411297          0.0          
-13313.6411297          1.0          
-13313.6411297          1.0          
-13313.6411297          0.0          
-13313.6411297          0.0          
-13313.6411297          0.0          
-13313.6411297          0.0          
-13313.6411297          2.0          
-13313.6411297          0.0          
-13313.6411297          1.0          
-13313.6411297          1.0          
-13313.6411297          0.0          
-13313.6411297          0.0          
-13313.6411297          0.0          
-13313.6411297          1.0          
-13313.6411297          0.0          
-13313.6411297          0.0          
-13313.6411297          0.0          
-13313.6411297          0.0          
-13313.6411297          0.0          
-13313.6411297          0.0          
-13313.6411297          0.0          
-13313.6411297          0.0          
-13313.6411297          1.0          
-13313.6411297          2.0          
-13313.6411297          1.0          
-13313.6411297          1.0          
-13313.6411297          0.0          
-13313.6411297          0.0          
-13313.6411297          0.0          
-13313.6411297          0.0          
-13313.6411297          1.0          
-13313.6411297          2.0          
-13313.6411297          0.0          
-13313.6411297          1.0          
-13313.6411297          0.0          
-13313.6411297          0.0          
-13313.6411297          0.0          
-13313.6411297          0.0          
-13313.6411297          0.0          
-13313.6411297          0.0          
-13313.6411297          0.0          
-13313.6411297          0.0          
-13313.6411297          1.0          
-13313.6411297          0.0          
-13313.6411297          0.0          
-13313.6411297          0.0          
-13313.6411297          1.0          
-13313.6411297          0.0          
-13313.6411297          2.0          
-13313.6411297          1.0          
-13313.6411297          2.0          
-13313.6411297          0.0          
-13313.6411297          2.0          
-13313.6411297          1.0          
-13313.6411297          0.0          
-13313.6411297          1.0          
-13313.6411297          1.0          
-13313.6411297          0.0          
-13313.6411297          1.0          
-13313.6411297          1.0          
-13313.6411297          0.0          
-13313.6411297          1.0          
-13313.6411297          0.0          
-13313.6411297          0.0          
-13313.6411297          0.0          
-13313.6411297          0.0          
-13313.6411297          2.0          
-13313.6411297          1.0          
-13313.6411297          0.0          
-13313.6411297          2.0          
-13313.6411297          0.0          
-13313.6411297          0.0          
-13313.6411297          0.0          
-13313.6411297          0.0          
-13313.6411297          1.0          
-13313.6411297          1.0          
-13313.6411297          0.0          
-13313.6411297          2.0          
-13313.6411297          1.0          
-13313.6411297          2.0          
-13313.6411297          2.0          
-13313.6411297          1.0          
-13313.6411297          2.0          
-13313.6411297          2.0          
-13313.6411297          2.0          
-13313.6411297          1.0          
-13313.6411297          1.0          
-13313.6411297          1.0          
-13313.6411297          1.0          
-13313.6411297          2.0          
-13313.6411297          1.0          
-13313.6411297          1.0          
-13313.6411297          2.0          
-13313.6411297          0.0          
-13313.6411297          0.0          
-13313.6411297          1.0          
-13313.6411297          2.0          
-13313.6411297          3.0          
-13313.6411297          1.0          
-13313.6411297          2.0          
-13313.6411297          4.0          
-13313.6411297          1.0          
-13313.6411297          2.0          
-13313.6411297          4.0          
-13313.6411297          5.0          
-13313.6411297          1.0          
-13313.6411297          3.0          
-13313.6411297          5.0          
-13313.6411297          4.0          
-13313.6411297          4.0          
-13313.6411297          5.0          
-13313.6411297          5.0          
-13313.6411297          1.0          
-13313.6411297          3.0          
-13313.6411297          2.0          
-13313.6411297          0.0          
-13313.6411297          8.0          
-13313.6411297          4.0          
-13313.6411297          1.0          
-13313.6411297          3.0          
-13313.6411297          6.0          
-13313.6411297          7.0          
-13313.6411297          2.0          
-13313.6411297          4.0          
-13313.6411297          6.0          
-13313.6411297          5.0          
-13313.6411297          3.0          
-13313.6411297          8.0          
-13313.6411297          6.0          
-13313.6411297          7.0          
-13313.6411297          3.0          
-13313.6411297          8.0          
-13313.6411297          6.0          
-13313.6411297          4.0          
-13313.6411297          11.0          
-13313.6411297          7.0          
-13313.6411297          4.0          
-13313.6411297          12.0          
-13313.6411297          6.0          
-13313.6411297          6.0          
-13313.6411297          5.0          
-13313.6411297          2.0          
-13313.6411297          8.0          
-13313.6411297          6.0          
-13313.6411297          5.0          
-13313.6411297          1.0          
-13313.6411297          2.0          
-13313.6411297          2.0          
-13313.6411297          6.0          
-13313.6411297          5.0          
-13313.6411297          2.0          
-13313.6411297          5.0          
-13313.6411297          10.0          
-13313.6411297          5.0          
-13313.6411297          5.0          
-13313.6411297          6.0          
-13313.6411297          6.0          
-13313.6411297          10.0          
-13313.6411297          3.0          
-13313.6411297          8.0          
-13313.6411297          6.0          
-13313.6411297          12.0          
-13313.6411297          15.0          
-13313.6411297          15.0          
-13313.6411297          10.0          
-13313.6411297          15.0          
-13313.6411297          19.0          
-13313.6411297          15.0          
-13313.6411297          28.0          
-13313.6411297          31.0          
-13313.6411297          19.0          
-13313.6411297          31.0          
-13313.6411297          26.0          
-13313.6411297          28.0          
-13313.6411297          24.0          
-13313.6411297          32.0          
-13313.6411297          32.0          
-13313.6411297          32.0          
-13313.6411297          31.0          
-13313.6411297          38.0          
-13313.6411297          20.0          
-13313.6411297          30.0          
-13313.6411297          25.0          
-13313.6411297          22.0          
-13313.6411297          24.0          
-13313.6411297          26.0          
-13313.6411297          17.0          
-13313.6411297          21.0          
-13313.6411297          25.0          
-13313.6411297          20.0          
-13313.6411297          24.0          
-13313.6411297          32.0          
-13313.6411297          23.0          
-13313.6411297          11.0          
-13313.6411297          23.0          
-13313.6411297          18.0          
-13313.6411297          10.0          
-13313.6411297          24.0          
-13313.6411297          25.0          
-13313.6411297          12.0          
-13313.6411297          22.0          
-13313.6411297          15.0          
-13313.6411297          24.0          
-13313.6411297          25.0          
-13313.6411297          16.0          
-13313.6411297          14.0          
-13313.6411297          15.0          
-13313.6411297          22.0          
-13313.6411297          18.0          
-13313.6411297          19.0          
-13313.6411297          25.0          
-13313.6411297          32.0          
-13313.6411297          37.0          
-13313.6411297          42.0          
-13313.6411297          62.0          
-13313.6411297          63.0          
-13313.6411297          92.0          
-13313.6411297          146.0          
-13313.6411297          216.0          
-13313.6411297          405.0          
-13313.6411297          696.0          
-13313.6411297          832.0          
-13313.6411297          843.0          
-13313.6411297          618.0          
-13313.6411297          381.0          
-13313.6411297          178.0          
-13313.6411297          102.0          
-13313.6411297          85.0          
-13313.6411297          64.0          
-13313.6411297          42.0          
-13313.6411297          42.0          
-13313.6411297          40.0          
-13313.6411297          40.0          
-13313.6411297          33.0          
-13313.6411297          20.0          
-13313.6411297          21.0          
-13313.6411297          25.0          
-13313.6411297          22.0          
-13313.6411297          20.0          
-13313.6411297          18.0          
-13313.6411297          22.0          
-13313.6411297          17.0          
-13313.6411297          20.0          
-13313.6411297          21.0          
-13313.6411297          25.0          
-13313.6411297          31.0          
-13313.6411297          21.0          
-13313.6411297          24.0          
-13313.6411297          28.0          
-13313.6411297          19.0          
-13313.6411297          32.0          
-13313.6411297          33.0          
-13313.6411297          28.0          
-13313.6411297          40.0          
-13313.6411297          33.0          
-13313.6411297          29.0          
-13313.6411297          24.0          
-13313.6411297          32.0          
-13313.6411297          35.0          
-13313.6411297          37.0          
-13313.6411297          30.0          
-13313.6411297          48.0          
-13313.6411297          56.0          
-13313.6411297          51.0          
-13313.6411297          67.0          
-13313.6411297          65.0          
-13313.6411297          48.0          
-13313.6411297          46.0          
-13313.6411297          45.0          
-13313.6411297          53.0          
-13313.6411297          46.0          
-13313.6411297          50.0          
-13313.6411297          47.0          
-13313.6411297          51.0          
-13313.6411297          37.0          
-13313.6411297          35.0          
-13313.6411297          35.0          
-13313.6411297          32.0          
-13313.6411297          31.0          
-13313.6411297          16.0          
-13313.6411297          13.0          
-13313.6411297          11.0          
-13313.6411297          22.0          
-13313.6411297          22.0          
-13313.6411297          13.0          
-13313.6411297          13.0          
-13313.6411297          12.0          
-13313.6411297          11.0          
-13313.6411297          9.0          
-13313.6411297          10.0          
-13313.6411297          13.0          
-13313.6411297          10.0          
-13313.6411297          12.0          
-13313.6411297          15.0          
-13313.6411297          11.0          
-13313.6411297          15.0          
-13313.6411297          10.0          
-13313.6411297          11.0          
-13313.6411297          14.0          
-13313.6411297          7.0          
-13313.6411297          11.0          
-13313.6411297          6.0          
-13313.6411297          13.0          
-13313.6411297          12.0          
-13313.6411297          13.0          
-13313.6411297          15.0          
-13313.6411297          14.0          
-13313.6411297          18.0          
-13313.6411297          10.0          
-13313.6411297          22.0          
-13313.6411297          15.0          
-13313.6411297          10.0          
-13313.6411297          11.0          
-13313.6411297          20.0          
-13313.6411297          8.0          
-13313.6411297          10.0          
-13313.6411297          9.0          
-13313.6411297          11.0          
-13313.6411297          13.0          
-13313.6411297          14.0          
-13313.6411297          10.0          
-13313.6411297          8.0          
-13313.6411297          12.0          
-13313.6411297          8.0          
-13313.6411297          6.0          
-13313.6411297          9.0          
-13313.6411297          10.0          
-13313.6411297          5.0          
-13313.6411297          9.0          
-13313.6411297          5.0          
-13313.6411297          7.0          
-13313.6411297          9.0          
-13313.6411297          5.0          
-13313.6411297          12.0          
-13313.6411297          6.0          
-13313.6411297          5.0          
-13313.6411297          11.0          
-13313.6411297          9.0          
-13313.6411297          12.0          
-13313.6411297          7.0          
-13313.6411297          13.0          
-13313.6411297          13.0          
-13313.6411297          5.0          
-13313.6411297          7.0          
-13313.6411297          6.0          
-13313.6411297          4.0          
-13313.6411297          6.0          
-13313.6411297          6.0          
-13313.6411297          10.0          
-13313.6411297          3.0          
-13313.6411297          3.0          
-13313.6411297          5.0          
-13313.6411297          3.0          
-13313.6411297          3.0          
-13313.6411297          6.0          
-13313.6411297          3.0          
-13313.6411297          6.0          
-13313.6411297          5.0          
-13313.6411297          5.0          
-13313.6411297          7.0          
-13313.6411297          1.0          
-13313.6411297          2.0          
-13313.6411297          1.0          
-13313.6411297          2.0          
-13313.6411297          3.0          
-13313.6411297          2.0          
-13313.6411297          6.0          
-13313.6411297          2.0          
-13313.6411297          5.0          
-13313.6411297          4.0          
-13313.6411297          3.0          
-13313.6411297          1.0          
-13313.6411297          5.0          
-13313.6411297          4.0          
-13313.6411297          5.0          
-13313.6411297          1.0          
-13313.6411297          3.0          
-13313.6411297          1.0          
-13313.6411297          4.0          
-13313.6411297          3.0          
-13313.6411297          0.0          
-13313.6411297          4.0          
-13313.6411297          2.0          
-13313.6411297          4.0          
-13313.6411297          3.0          
-13313.6411297          1.0          
-13313.6411297          3.0          
-13313.6411297          3.0          
-13313.6411297          2.0          
-13313.6411297          3.0          
-13313.6411297          2.0          
-13313.6411297          2.0          
-13313.6411297          4.0          
-13313.6411297          2.0          
-13313.6411297          2.0          
-13313.6411297          5.0          
-13313.6411297          1.0          
-13313.6411297          3.0          
-13313.6411297          2.0          
-13313.6411297          3.0          
-13313.6411297          1.0          
-13313.6411297          2.0          
-13313.6411297          2.0          
-13313.6411297          2.0          
-13313.6411297          2.0          
-13313.6411297          0.0          
-13313.6411297          0.0          
-13313.6411297          3.0          
-13313.6411297          1.0          
-13313.6411297          0.0          
-13313.6411297          2.0          
-13313.6411297          0.0          
-13313.6411297          2.0          
-13313.6411297          2.0          
-13313.6411297          1.0          
-13313.6411297          2.0          
-13313.6411297          1.0          
-13313.6411297          1.0          
-13313.6411297          0.0          
-13313.6411297          0.0          
-13313.6411297          0.0          
-13313.6411297          1.0          
-13313.6411297          2.0          
-13313.6411297          1.0          
-13313.6411297          1.0          
-13313.6411297          1.0          
-13313.6411297          2.0          
-13313.6411297          0.0          
-13313.6411297          1.0          
-13313.6411297          1.0          
-13313.6411297          0.0          
-13313.6411297          1.0          
-13313.6411297          1.0          
-13313.6411297          2.0          
-13313.6411297          0.0          
-13313.6411297          4.0          
-13313.6411297          0.0          
-13313.6411297          1.0          
-13313.6411297          0.0          
-13313.6411297          0.0          
-13313.6411297          1.0          
-13313.6411297          0.0          
-13313.6411297          1.0          
-13313.6411297          1.0          
-13313.6411297          1.0          
-13313.6411297          0.0          
-13313.6411297          0.0          
-13313.6411297          0.0          
-13313.6411297          0.0          
-13313.6411297          1.0          
-13313.6411297          0.0          
-13313.6411297          0.0          
-13313.6411297          0.0          
-13313.6411297          2.0          
-13313.6411297          0.0          
-13313.6411297          0.0          
-13313.6411297          0.0          
-13313.6411297          0.0          
-13313.6411297          0.0          
-13313.6411297          1.0          
-13313.6411297          0.0          
-13313.6411297          2.0          
-13313.6411297          2.0          
-13313.6411297          0.0          
-13313.6411297          0.0          
-13313.6411297          0.0          
-13313.6411297          0.0          
-13313.6411297          0.0          
-13313.6411297          1.0          
-13313.6411297          0.0          
-13313.6411297          0.0          
-13313.6411297          2.0          
-13313.6411297          0.0          
-13313.6411297          0.0          
-13313.6411297          0.0          
-13313.6411297          0.0          
-13313.6411297          1.0          
-13313.6411297          1.0          
-13313.6411297          1.0          
-13313.6411297          0.0          
-13313.6411297          1.0          
-13313.6411297          1.0          
-13313.6411297          0.0          
-13313.6411297          0.0          
-13313.6411297          0.0          
-13313.6411297          0.0          
-13313.6411297          1.0          
-13313.6411297          0.0          
-13313.6411297          2.0          
-13313.6411297          1.0          
-13313.6411297          0.0          
-13313.6411297          0.0          
-13313.6411297          1.0          
-13313.6411297          0.0          
-13313.6411297          1.0          
-13313.6411297          0.0          
-13313.6411297          1.0          
-13313.6411297          0.0          
-13313.6411297          1.0          
-13313.6411297          0.0          
-13313.6411297          2.0          
-13313.6411297          2.0          
-13313.6411297          0.0          
-13313.6411297          0.0          
-13313.6411297          0.0          
-13313.6411297          0.0          
-13313.6411297          0.0          
-13313.6411297          0.0          
-13313.6411297          0.0          
-13313.6411297          0.0          
-13313.6411297          0.0          
-13313.6411297          0.0          
-13313.6411297          0.0          
-13313.6411297          1.0          
-13313.6411297          0.0          
-13313.6411297          1.0          
-13313.6411297          0.0          
-13313.6411297          1.0          
-13313.6411297          0.0          
-13313.6411297          0.0          
-13313.6411297          0.0          
-13313.6411297          0.0          
-13313.6411297          1.0          
-13313.6411297          0.0          
-13313.6411297          0.0          
-13313.6411297          0.0          
-13313.6411297          0.0          
-13313.6411297          0.0          
-13313.6411297          0.0          
-13313.6411297          0.0          
-13313.6411297          1.0          
-13313.6411297          1.0          
-13313.6411297          1.0          
-13313.6411297          0.0          
-13313.6411297          1.0          
-13313.6411297          0.0          
-13313.6411297          0.0          
-13313.6411297          0.0          
-13313.6411297          0.0          
-13313.6411297          0.0          
-13313.6411297          0.0          
-13313.6411297          2.0          
-13313.6411297          0.0          
