scan_0008.mda
%Energy xtal= Column: 1
%<label for="sbool">signal</label>= Column: 2
0.0          0.0          
0.251752359597          0.0          
0.503504719189          0.0          
0.75525707878          0.0          
1.00700943837          0.0          
1.25876179797          0.0          
1.51051415756          1.0          
1.76226651715          1.0          
2.01401887674          0.0          
2.26577123634          1.0          
2.51752359593          0.0          
2.76927595552          1.0          
3.02102831512          1.0          
3.27278067471          1.0          
3.5245330343          0.0          
3.7403207711          0.0          
3.99207313069          0.0          
4.24382549028          0.0          
4.49557784988          0.0          
4.74733020947          1.0          
4.99908256906          1.0          
5.25083492865          0.0          
5.50258728825          0.0          
5.75433964784          0.0          
6.00609200744          0.0          
6.25784436703          0.0          
6.50959672662          0.0          
6.76134908622          1.0          
7.01310144581          0.0          
7.2648538054          0.0          
7.516606165          0.0          
7.76835852459          0.0          
8.02011088418          0.0          
8.27186324377          0.0          
8.52361560337          0.0          
8.77536796296          0.0          
8.99115569975          0.0          
9.24290805935          0.0          
9.49466041894          0.0          
9.74641277853          0.0          
9.99816513813          0.0          
10.2499174977          0.0          
10.5016698573          0.0          
10.7534222169          1.0          
11.0051745765          0.0          
11.2569269361          0.0          
11.5086792957          0.0          
11.7604316553          0.0          
12.0121840149          1.0          
12.2639363745          1.0          
12.5156887341          1.0          
12.7674410937          0.0          
13.0191934532          0.0          
13.2709458128          0.0          
13.5226981724          1.0          
13.774450532          1.0          
14.0262028916          0.0          
14.2419906284          0.0          
14.493742988          0.0          
14.7454953476          0.0          
14.9972477072          0.0          
15.2490000668          0.0          
15.5007524264          0.0          
15.752504786          0.0          
16.0042571456          1.0          
16.2560095052          1.0          
16.5077618647          0.0          
16.7595142243          0.0          
17.0112665839          1.0          
17.2630189435          1.0          
17.5147713031          1.0          
17.7665236627          0.0          
18.0182760223          0.0          
18.2700283819          0.0          
18.5217807415          0.0          
18.7735331011          1.0          
19.0252854607          0.0          
19.2410731975          0.0          
19.4928255571          0.0          
19.7445779167          0.0          
19.9963302763          0.0          
20.2480826358          0.0          
20.4998349954          0.0          
20.751587355          0.0          
21.0033397146          0.0          
21.2550920742          0.0          
21.5068444338          0.0          
21.7585967934          0.0          
22.010349153          1.0          
22.2621015126          0.0          
22.5138538722          0.0          
22.7656062318          1.0          
23.0173585914          0.0          
23.269110951          0.0          
23.5208633106          0.0          
23.7726156701          1.0          
24.0243680297          0.0          
24.2761203893          0.0          
24.4919081261          0.0          
24.7436604857          0.0          
24.9954128453          0.0          
25.2471652049          2.0          
25.4989175645          0.0          
25.7506699241          0.0          
26.0024222837          0.0          
26.2541746433          0.0          
26.5059270029          0.0          
26.7576793625          0.0          
27.0094317221          0.0          
27.2611840817          0.0          
27.5129364412          0.0          
27.7646888008          0.0          
28.0164411604          1.0          
28.26819352          0.0          
28.5199458796          2.0          
28.7716982392          1.0          
29.0234505988          0.0          
29.2752029584          0.0          
29.526955318          1.0          
29.7427430548          0.0          
29.9944954144          0.0          
30.246247774          0.0          
30.4980001336          0.0          
30.7497524932          1.0          
31.0015048527          0.0          
31.2532572123          1.0          
31.5050095719          1.0          
31.7567619315          0.0          
32.0085142911          1.0          
32.2602666507          0.0          
32.5120190103          1.0          
32.7637713699          0.0          
33.0155237295          0.0          
33.2672760891          0.0          
33.5190284487          1.0          
33.7707808083          0.0          
34.0225331679          2.0          
34.2742855275          1.0          
34.526037887          0.0          
34.7777902466          2.0          
34.9935779834          0.0          
35.245330343          1.0          
35.4970827026          0.0          
35.7488350622          0.0          
36.0005874218          1.0          
36.2523397814          0.0          
36.504092141          1.0          
36.7558445006          0.0          
37.0075968602          0.0          
37.2593492198          1.0          
37.5111015794          0.0          
37.762853939          0.0          
38.0146062986          0.0          
38.2663586581          1.0          
38.5181110177          0.0          
38.7698633773          1.0          
39.0216157369          1.0          
39.2733680965          2.0          
39.5251204561          4.0          
39.7768728157          0.0          
39.9926605525          2.0          
40.2444129121          1.0          
40.4961652717          1.0          
40.7479176313          1.0          
40.9996699909          0.0          
41.2514223505          1.0          
41.5031747101          0.0          
41.7549270697          0.0          
42.0066794292          0.0          
42.2584317888          1.0          
42.5101841484          1.0          
42.761936508          0.0          
43.0136888676          2.0          
43.2654412272          1.0          
43.5171935868          1.0          
43.7689459464          0.0          
44.020698306          0.0          
44.2724506656          0.0          
44.5242030252          0.0          
44.7759553848          0.0          
45.0277077444          0.0          
45.2434954812          2.0          
45.4952478407          2.0          
45.7470002003          0.0          
45.9987525599          1.0          
46.2505049195          3.0          
46.5022572791          2.0          
46.7540096387          0.0          
47.0057619983          0.0          
47.2575143579          1.0          
47.5092667175          1.0          
47.7610190771          2.0          
48.0127714367          1.0          
48.2645237963          2.0          
48.5162761559          0.0          
48.7680285155          1.0          
49.019780875          2.0          
49.2715332346          4.0          
49.5232855942          1.0          
49.7750379538          7.0          
50.0267903134          4.0          
50.2425780502          0.0          
50.4943304098          2.0          
50.7460827694          2.0          
50.997835129          3.0          
51.2495874886          1.0          
51.5013398482          3.0          
51.7530922078          0.0          
52.0048445674          1.0          
52.256596927          0.0          
52.5083492866          5.0          
52.7601016461          2.0          
53.0118540057          3.0          
53.2636063653          4.0          
53.5153587249          0.0          
53.7671110845          2.0          
54.0188634441          3.0          
54.2706158037          5.0          
54.5223681633          3.0          
54.7741205229          1.0          
55.0258728825          4.0          
55.2776252421          0.0          
55.4934129789          0.0          
55.7451653385          4.0          
55.9969176981          2.0          
56.2486700577          9.0          
56.5004224172          3.0          
56.7521747768          6.0          
57.0039271364          2.0          
57.255679496          3.0          
57.5074318556          4.0          
57.7591842152          9.0          
58.0109365748          7.0          
58.2626889344          3.0          
58.514441294          10.0          
58.7661936536          8.0          
59.0179460132          6.0          
59.2696983728          3.0          
59.5214507324          3.0          
59.773203092          7.0          
60.0249554515          3.0          
60.2767078111          6.0          
60.5284601707          2.0          
60.7442479075          10.0          
60.9960002671          1.0          
61.2477526267          9.0          
61.4995049863          7.0          
61.7512573459          11.0          
62.0030097055          6.0          
62.2547620651          4.0          
62.5065144247          4.0          
62.7582667843          3.0          
63.0100191439          7.0          
63.2617715035          2.0          
63.513523863          9.0          
63.7652762226          7.0          
64.0170285822          7.0          
64.2687809418          10.0          
64.5205333014          7.0          
64.772285661          7.0          
65.0240380206          13.0          
65.2757903802          4.0          
65.5275427398          5.0          
65.7433304766          13.0          
65.9950828362          8.0          
66.2468351958          11.0          
66.4985875554          14.0          
66.750339915          18.0          
67.0020922746          16.0          
67.2538446341          19.0          
67.5055969937          25.0          
67.7573493533          28.0          
68.0091017129          30.0          
68.2608540725          32.0          
68.5126064321          28.0          
68.7643587917          25.0          
69.0161111513          29.0          
69.2678635109          34.0          
69.5196158705          25.0          
69.7713682301          41.0          
70.0231205897          32.0          
70.2748729493          47.0          
70.5266253089          40.0          
70.7783776684          30.0          
70.9941654052          42.0          
71.2459177648          20.0          
71.4976701244          25.0          
71.749422484          26.0          
72.0011748436          24.0          
72.2529272032          35.0          
72.5046795628          21.0          
72.7564319224          18.0          
73.008184282          30.0          
73.2599366416          18.0          
73.5116890012          25.0          
73.7634413608          25.0          
74.0151937204          22.0          
74.26694608          19.0          
74.5186984395          15.0          
74.7704507991          18.0          
75.0222031587          22.0          
75.2739555183          13.0          
75.5257078779          19.0          
75.7774602375          15.0          
76.0292125971          15.0          
76.2450003339          16.0          
76.4967526935          23.0          
76.7485050531          25.0          
77.0002574127          23.0          
77.2520097723          15.0          
77.5037621319          26.0          
77.7555144915          21.0          
78.0072668511          38.0          
78.2590192106          39.0          
78.5107715702          37.0          
78.7625239298          43.0          
79.0142762894          53.0          
79.266028649          63.0          
79.5177810086          87.0          
79.7695333682          129.0          
80.0212857278          223.0          
80.2730380874          392.0          
80.524790447          579.0          
80.7765428066          823.0          
81.0282951662          815.0          
81.244082903          719.0          
81.4958352626          454.0          
81.7475876221          233.0          
81.9993399817          127.0          
82.2510923413          59.0          
82.5028447009          54.0          
82.7545970605          32.0          
83.0063494201          24.0          
83.2581017797          27.0          
83.5098541393          23.0          
83.7616064989          27.0          
84.0133588585          24.0          
84.2651112181          29.0          
84.5168635777          21.0          
84.7686159373          20.0          
85.0203682969          19.0          
85.2721206564          21.0          
85.523873016          21.0          
85.7756253756          16.0          
86.0273777352          16.0          
86.2791300948          23.0          
86.4949178316          23.0          
86.7466701912          27.0          
86.9984225508          19.0          
87.2501749104          25.0          
87.50192727          30.0          
87.7536796296          26.0          
88.0054319892          32.0          
88.2571843488          35.0          
88.5089367084          31.0          
88.760689068          31.0          
89.0124414275          36.0          
89.2641937871          35.0          
89.5159461467          30.0          
89.7676985063          34.0          
90.0194508659          43.0          
90.2712032255          31.0          
90.5229555851          31.0          
90.7747079447          36.0          
91.0264603043          44.0          
91.2782126639          58.0          
91.5299650235          50.0          
91.7457527603          61.0          
91.9975051199          72.0          
92.2492574795          53.0          
92.5010098391          60.0          
92.7527621986          45.0          
93.0045145582          66.0          
93.2562669178          47.0          
93.5080192774          44.0          
93.759771637          55.0          
94.0115239966          48.0          
94.2632763562          41.0          
94.5150287158          37.0          
94.7667810754          41.0          
95.018533435          26.0          
95.2702857946          27.0          
95.5220381542          11.0          
95.7737905138          15.0          
96.0255428734          17.0          
96.2772952329          16.0          
96.5290475925          15.0          
96.7448353293          10.0          
96.9965876889          17.0          
97.2483400485          13.0          
97.5000924081          10.0          
97.7518447677          6.0          
98.0035971273          16.0          
98.2553494869          13.0          
98.5071018465          12.0          
98.7588542061          12.0          
99.0106065657          12.0          
99.2623589253          10.0          
99.5141112849          8.0          
99.7658636444          5.0          
100.017616004          18.0          
100.269368364          12.0          
100.521120723          16.0          
100.772873083          9.0          
101.024625442          14.0          
101.276377802          10.0          
101.528130162          11.0          
101.779882521          5.0          
101.995670258          14.0          
102.247422618          8.0          
102.499174977          11.0          
102.750927337          11.0          
103.002679696          20.0          
103.254432056          19.0          
103.506184416          9.0          
103.757936775          10.0          
104.009689135          12.0          
104.261441494          10.0          
104.513193854          12.0          
104.764946214          4.0          
105.016698573          8.0          
105.268450933          11.0          
105.520203292          6.0          
105.771955652          10.0          
106.023708011          7.0          
106.275460371          8.0          
106.527212731          10.0          
106.77896509          7.0          
107.03071745          10.0          
107.246505187          8.0          
107.498257546          8.0          
107.750009906          8.0          
108.001762265          11.0          
108.253514625          8.0          
108.505266985          15.0          
108.757019344          10.0          
109.008771704          11.0          
109.260524063          5.0          
109.512276423          15.0          
109.764028783          9.0          
110.015781142          9.0          
110.267533502          6.0          
110.519285861          9.0          
110.771038221          7.0          
111.022790581          8.0          
111.27454294          8.0          
111.5262953          6.0          
111.778047659          5.0          
112.029800019          5.0          
112.245587756          5.0          
112.497340115          6.0          
112.749092475          4.0          
113.000844834          4.0          
113.252597194          4.0          
113.504349554          7.0          
113.756101913          3.0          
114.007854273          8.0          
114.259606632          1.0          
114.511358992          6.0          
114.763111352          5.0          
115.014863711          6.0          
115.266616071          6.0          
115.51836843          0.0          
115.77012079          3.0          
116.02187315          3.0          
116.273625509          3.0          
116.525377869          4.0          
116.777130228          2.0          
117.028882588          4.0          
117.280634948          4.0          
117.496422684          2.0          
117.748175044          1.0          
117.999927404          2.0          
118.251679763          4.0          
118.503432123          3.0          
118.755184482          3.0          
119.006936842          5.0          
119.258689202          2.0          
119.510441561          3.0          
119.762193921          4.0          
120.01394628          4.0          
120.26569864          2.0          
120.517450999          0.0          
120.769203359          3.0          
121.020955719          4.0          
121.272708078          2.0          
121.524460438          2.0          
121.776212797          4.0          
122.027965157          1.0          
122.279717517          1.0          
122.531469876          3.0          
122.747257613          1.0          
122.999009973          1.0          
123.250762332          3.0          
123.502514692          5.0          
123.754267051          1.0          
124.006019411          3.0          
124.257771771          3.0          
124.50952413          2.0          
124.76127649          2.0          
125.013028849          3.0          
125.264781209          0.0          
125.516533569          4.0          
125.768285928          2.0          
126.020038288          3.0          
126.271790647          1.0          
126.523543007          2.0          
126.775295367          0.0          
127.027047726          5.0          
127.278800086          2.0          
127.530552445          0.0          
127.746340182          1.0          
127.998092542          0.0          
128.249844901          1.0          
128.501597261          0.0          
128.75334962          2.0          
129.00510198          1.0          
129.25685434          0.0          
129.508606699          4.0          
129.760359059          3.0          
130.012111418          3.0          
130.263863778          4.0          
130.515616138          2.0          
130.767368497          2.0          
131.019120857          3.0          
131.270873216          0.0          
131.522625576          1.0          
131.774377936          2.0          
132.026130295          0.0          
132.277882655          1.0          
132.529635014          0.0          
132.781387374          1.0          
132.997175111          0.0          
133.24892747          0.0          
133.50067983          2.0          
133.75243219          0.0          
134.004184549          0.0          
134.255936909          0.0          
134.507689268          0.0          
134.759441628          1.0          
135.011193987          1.0          
135.262946347          0.0          
135.514698707          0.0          
135.766451066          0.0          
136.018203426          0.0          
136.269955785          1.0          
136.521708145          0.0          
136.773460505          1.0          
137.025212864          0.0          
137.276965224          0.0          
137.528717583          1.0          
137.780469943          0.0          
137.99625768          0.0          
138.248010039          1.0          
138.499762399          1.0          
138.751514759          0.0          
139.003267118          1.0          
139.255019478          0.0          
139.506771837          0.0          
139.758524197          0.0          
140.010276557          0.0          
140.262028916          0.0          
140.513781276          1.0          
140.765533635          0.0          
141.017285995          2.0          
141.269038355          0.0          
141.520790714          0.0          
141.772543074          1.0          
142.024295433          1.0          
142.276047793          0.0          
142.527800152          0.0          
142.779552512          0.0          
143.031304872          0.0          
143.247092608          1.0          
143.498844968          1.0          
143.750597328          0.0          
144.002349687          1.0          
144.254102047          0.0          
144.505854406          0.0          
144.757606766          0.0          
145.009359126          0.0          
145.261111485          0.0          
145.512863845          0.0          
145.764616204          0.0          
146.016368564          0.0          
146.268120924          0.0          
146.519873283          0.0          
146.771625643          1.0          
147.023378002          0.0          
147.275130362          1.0          
147.526882722          0.0          
147.778635081          0.0          
148.030387441          0.0          
148.2821398          0.0          
148.497927537          0.0          
148.749679897          0.0          
149.001432256          0.0          
149.253184616          0.0          
149.504936975          0.0          
149.756689335          0.0          
150.008441695          1.0          
150.260194054          0.0          
150.511946414          0.0          
150.763698773          0.0          
151.015451133          0.0          
151.267203493          1.0          
151.518955852          0.0          
151.770708212          0.0          
152.022460571          1.0          
152.274212931          0.0          
152.525965291          0.0          
152.77771765          1.0          
153.02947001          0.0          
153.281222369          0.0          
153.497010106          1.0          
153.748762466          0.0          
154.000514825          0.0          
154.252267185          0.0          
154.504019545          0.0          
154.755771904          0.0          
155.007524264          0.0          
155.259276623          1.0          
155.511028983          0.0          
155.762781343          0.0          
156.014533702          3.0          
156.266286062          0.0          
156.518038421          0.0          
156.769790781          0.0          
157.02154314          0.0          
157.2732955          2.0          
157.52504786          0.0          
157.776800219          0.0          
158.028552579          0.0          
158.280304938          2.0          
158.532057298          1.0          
158.747845035          0.0          
158.999597394          0.0          
159.251349754          1.0          
159.503102114          0.0          
159.754854473          0.0          
160.006606833          0.0          
