scan_0050.mda
%<label for="a1bool">xtal1A</label>= Column: 1
%<label for="a2bool">xtal2A</label>= Column: 2
%<label for="sbool">signal</label>= Column: 3
-13314.6470897          -14394.3350807          0.0          
-13314.6470897          -14394.4199207          0.0          
-13314.6470897          -14394.5047607          0.0          
-13314.6470897          -14394.5896007          0.0          
-13314.6470897          -14394.6744407          2.0          
-13314.6470897          -14394.7471607          2.0          
-13314.6470897          -14394.8320007          0.0          
-13314.6470897          -14394.9168407          1.0          
-13314.6470897          -14395.0016807          0.0          
-13314.6470897          -14395.0865207          0.0          
-13314.6470897          -14395.1713607          0.0          
-13314.6470897          -14395.2562007          0.0          
-13314.6470897          -14395.3410407          1.0          
-13314.6470897          -14395.4258807          0.0          
-13314.6470897          -14395.5107207          1.0          
-13314.6470897          -14395.5955607          0.0          
-13314.6470897          -14395.6804007          0.0          
-13314.6470897          -14395.7652407          0.0          
-13314.6470897          -14395.8500807          1.0          
-13314.6470897          -14395.9349207          2.0          
-13314.6470897          -14396.0197607          2.0          
-13314.6470897          -14396.1046007          1.0          
-13314.6470897          -14396.1894407          0.0          
-13314.6470897          -14396.2742807          0.0          
-13314.6470897          -14396.3591207          1.0          
-13314.6470897          -14396.4439607          0.0          
-13314.6470897          -14396.5166807          0.0          
-13314.6470897          -14396.6015207          1.0          
-13314.6470897          -14396.6863607          0.0          
-13314.6470897          -14396.7712007          0.0          
-13314.6470897          -14396.8560407          0.0          
-13314.6470897          -14396.9408807          2.0          
-13314.6470897          -14397.0257207          1.0          
-13314.6470897          -14397.1105607          0.0          
-13314.6470897          -14397.1954007          0.0          
-13314.6470897          -14397.2802407          0.0          
-13314.6470897          -14397.3650807          1.0          
-13314.6470897          -14397.4499207          0.0          
-13314.6470897          -14397.5347607          0.0          
-13314.6470897          -14397.6196007          1.0          
-13314.6470897          -14397.7044407          1.0          
-13314.6470897          -14397.7892807          0.0          
-13314.6470897          -14397.8741207          0.0          
-13314.6470897          -14397.9589607          0.0          
-13314.6470897          -14398.0438007          0.0          
-13314.6470897          -14398.1286407          0.0          
-13314.6470897          -14398.2134807          0.0          
-13314.6470897          -14398.2862007          0.0          
-13314.6470897          -14398.3710407          0.0          
-13314.6470897          -14398.4558807          0.0          
-13314.6470897          -14398.5407207          0.0          
-13314.6470897          -14398.6255607          0.0          
-13314.6470897          -14398.7104007          0.0          
-13314.6470897          -14398.7952407          1.0          
-13314.6470897          -14398.8800807          0.0          
-13314.6470897          -14398.9649207          0.0          
-13314.6470897          -14399.0497607          1.0          
-13314.6470897          -14399.1346007          0.0          
-13314.6470897          -14399.2194407          0.0          
-13314.6470897          -14399.3042807          0.0          
-13314.6470897          -14399.3891207          0.0          
-13314.6470897          -14399.4739607          0.0          
-13314.6470897          -14399.5588007          0.0          
-13314.6470897          -14399.6436407          0.0          
-13314.6470897          -14399.7284807          1.0          
-13314.6470897          -14399.8133207          0.0          
-13314.6470897          -14399.8981607          2.0          
-13314.6470897          -14399.9708807          1.0          
-13314.6470897          -14400.0557207          1.0          
-13314.6470897          -14400.1405607          0.0          
-13314.6470897          -14400.2254007          0.0          
-13314.6470897          -14400.3102407          0.0          
-13314.6470897          -14400.3950807          0.0          
-13314.6470897          -14400.4799207          0.0          
-13314.6470897          -14400.5647607          0.0          
-13314.6470897          -14400.6496007          1.0          
-13314.6470897          -14400.7344407          1.0          
-13314.6470897          -14400.8192807          2.0          
-13314.6470897          -14400.9041207          1.0          
-13314.6470897          -14400.9889607          1.0          
-13314.6470897          -14401.0738007          0.0          
-13314.6470897          -14401.1586407          0.0          
-13314.6470897          -14401.2434807          0.0          
-13314.6470897          -14401.3283207          2.0          
-13314.6470897          -14401.4131607          0.0          
-13314.6470897          -14401.4980007          3.0          
-13314.6470897          -14401.5828407          0.0          
-13314.6470897          -14401.6676807          0.0          
-13314.6470897          -14401.7404007          2.0          
-13314.6470897          -14401.8252407          3.0          
-13314.6470897          -14401.9100807          1.0          
-13314.6470897          -14401.9949207          0.0          
-13314.6470897          -14402.0797607          0.0          
-13314.6470897          -14402.1646007          1.0          
-13314.6470897          -14402.2494407          2.0          
-13314.6470897          -14402.3342807          0.0          
-13314.6470897          -14402.4191207          2.0          
-13314.6470897          -14402.5039607          1.0          
-13314.6470897          -14402.5888007          0.0          
-13314.6470897          -14402.6736407          1.0          
-13314.6470897          -14402.7584807          1.0          
-13314.6470897          -14402.8433207          0.0          
-13314.6470897          -14402.9281607          0.0          
-13314.6470897          -14403.0130007          1.0          
-13314.6470897          -14403.0978407          1.0          
-13314.6470897          -14403.1826807          0.0          
-13314.6470897          -14403.2675207          0.0          
-13314.6470897          -14403.3523607          0.0          
-13314.6470897          -14403.4372007          2.0          
-13314.6470897          -14403.5099207          1.0          
-13314.6470897          -14403.5947607          0.0          
-13314.6470897          -14403.6796007          1.0          
-13314.6470897          -14403.7644407          0.0          
-13314.6470897          -14403.8492807          0.0          
-13314.6470897          -14403.9341207          0.0          
-13314.6470897          -14404.0189607          2.0          
-13314.6470897          -14404.1038007          0.0          
-13314.6470897          -14404.1886407          1.0          
-13314.6470897          -14404.2734807          1.0          
-13314.6470897          -14404.3583207          1.0          
-13314.6470897          -14404.4431607          0.0          
-13314.6470897          -14404.5280007          1.0          
-13314.6470897          -14404.6128407          0.0          
-13314.6470897          -14404.6976807          0.0          
-13314.6470897          -14404.7825207          0.0          
-13314.6470897          -14404.8673607          1.0          
-13314.6470897          -14404.9522007          1.0          
-13314.6470897          -14405.0370407          2.0          
-13314.6470897          -14405.1218807          2.0          
-13314.6470897          -14405.1946007          1.0          
-13314.6470897          -14405.2794407          0.0          
-13314.6470897          -14405.3642807          1.0          
-13314.6470897          -14405.4491207          1.0          
-13314.6470897          -14405.5339607          3.0          
-13314.6470897          -14405.6188007          1.0          
-13314.6470897          -14405.7036407          1.0          
-13314.6470897          -14405.7884807          0.0          
-13314.6470897          -14405.8733207          0.0          
-13314.6470897          -14405.9581607          1.0          
-13314.6470897          -14406.0430007          3.0          
-13314.6470897          -14406.1278407          1.0          
-13314.6470897          -14406.2126807          0.0          
-13314.6470897          -14406.2975207          2.0          
-13314.6470897          -14406.3823607          1.0          
-13314.6470897          -14406.4672007          1.0          
-13314.6470897          -14406.5520407          1.0          
-13314.6470897          -14406.6368807          0.0          
-13314.6470897          -14406.7217207          1.0          
-13314.6470897          -14406.8065607          1.0          
-13314.6470897          -14406.8914007          1.0          
-13314.6470897          -14406.9641207          3.0          
-13314.6470897          -14407.0489607          1.0          
-13314.6470897          -14407.1338007          3.0          
-13314.6470897          -14407.2186407          2.0          
-13314.6470897          -14407.3034807          4.0          
-13314.6470897          -14407.3883207          3.0          
-13314.6470897          -14407.4731607          1.0          
-13314.6470897          -14407.5580007          3.0          
-13314.6470897          -14407.6428407          5.0          
-13314.6470897          -14407.7276807          3.0          
-13314.6470897          -14407.8125207          1.0          
-13314.6470897          -14407.8973607          2.0          
-13314.6470897          -14407.9822007          3.0          
-13314.6470897          -14408.0670407          6.0          
-13314.6470897          -14408.1518807          1.0          
-13314.6470897          -14408.2367207          4.0          
-13314.6470897          -14408.3215607          2.0          
-13314.6470897          -14408.4064007          3.0          
-13314.6470897          -14408.4912407          1.0          
-13314.6470897          -14408.5760807          2.0          
-13314.6470897          -14408.6609207          2.0          
-13314.6470897          -14408.7336407          2.0          
-13314.6470897          -14408.8184807          3.0          
-13314.6470897          -14408.9033207          4.0          
-13314.6470897          -14408.9881607          2.0          
-13314.6470897          -14409.0730007          4.0          
-13314.6470897          -14409.1578407          5.0          
-13314.6470897          -14409.2426807          2.0          
-13314.6470897          -14409.3275207          8.0          
-13314.6470897          -14409.4123607          7.0          
-13314.6470897          -14409.4972007          3.0          
-13314.6470897          -14409.5820407          4.0          
-13314.6470897          -14409.6668807          4.0          
-13314.6470897          -14409.7517207          4.0          
-13314.6470897          -14409.8365607          4.0          
-13314.6470897          -14409.9214007          11.0          
-13314.6470897          -14410.0062407          6.0          
-13314.6470897          -14410.0910807          5.0          
-13314.6470897          -14410.1759207          4.0          
-13314.6470897          -14410.2607607          7.0          
-13314.6470897          -14410.3456007          7.0          
-13314.6470897          -14410.4183207          5.0          
-13314.6470897          -14410.5031607          10.0          
-13314.6470897          -14410.5880007          9.0          
-13314.6470897          -14410.6728407          13.0          
-13314.6470897          -14410.7576807          3.0          
-13314.6470897          -14410.8425207          7.0          
-13314.6470897          -14410.9273607          6.0          
-13314.6470897          -14411.0122007          10.0          
-13314.6470897          -14411.0970407          4.0          
-13314.6470897          -14411.1818807          4.0          
-13314.6470897          -14411.2667207          4.0          
-13314.6470897          -14411.3515607          6.0          
-13314.6470897          -14411.4364007          5.0          
-13314.6470897          -14411.5212407          5.0          
-13314.6470897          -14411.6060807          8.0          
-13314.6470897          -14411.6909207          6.0          
-13314.6470897          -14411.7757607          5.0          
-13314.6470897          -14411.8606007          4.0          
-13314.6470897          -14411.9454407          12.0          
-13314.6470897          -14412.0302807          5.0          
-13314.6470897          -14412.1151207          10.0          
-13314.6470897          -14412.1878407          11.0          
-13314.6470897          -14412.2726807          13.0          
-13314.6470897          -14412.3575207          8.0          
-13314.6470897          -14412.4423607          12.0          
-13314.6470897          -14412.5272007          11.0          
-13314.6470897          -14412.6120407          21.0          
-13314.6470897          -14412.6968807          13.0          
-13314.6470897          -14412.7817207          26.0          
-13314.6470897          -14412.8665607          32.0          
-13314.6470897          -14412.9514007          39.0          
-13314.6470897          -14413.0362407          27.0          
-13314.6470897          -14413.1210807          19.0          
-13314.6470897          -14413.2059207          39.0          
-13314.6470897          -14413.2907607          38.0          
-13314.6470897          -14413.3756007          32.0          
-13314.6470897          -14413.4604407          31.0          
-13314.6470897          -14413.5452807          29.0          
-13314.6470897          -14413.6301207          37.0          
-13314.6470897          -14413.7149607          45.0          
-13314.6470897          -14413.7998007          30.0          
-13314.6470897          -14413.8846407          30.0          
-13314.6470897          -14413.9573607          36.0          
-13314.6470897          -14414.0422007          35.0          
-13314.6470897          -14414.1270407          35.0          
-13314.6470897          -14414.2118807          35.0          
-13314.6470897          -14414.2967207          28.0          
-13314.6470897          -14414.3815607          38.0          
-13314.6470897          -14414.4664007          26.0          
-13314.6470897          -14414.5512407          35.0          
-13314.6470897          -14414.6360807          37.0          
-13314.6470897          -14414.7209207          34.0          
-13314.6470897          -14414.8057607          27.0          
-13314.6470897          -14414.8906007          27.0          
-13314.6470897          -14414.9754407          25.0          
-13314.6470897          -14415.0602807          25.0          
-13314.6470897          -14415.1451207          29.0          
-13314.6470897          -14415.2299607          20.0          
-13314.6470897          -14415.3148007          19.0          
-13314.6470897          -14415.3996407          27.0          
-13314.6470897          -14415.4844807          17.0          
-13314.6470897          -14415.5693207          17.0          
-13314.6470897          -14415.6420407          26.0          
-13314.6470897          -14415.7268807          20.0          
-13314.6470897          -14415.8117207          21.0          
-13314.6470897          -14415.8965607          21.0          
-13314.6470897          -14415.9814007          20.0          
-13314.6470897          -14416.0662407          17.0          
-13314.6470897          -14416.1510807          18.0          
-13314.6470897          -14416.2359207          15.0          
-13314.6470897          -14416.3207607          22.0          
-13314.6470897          -14416.4056007          23.0          
-13314.6470897          -14416.4904407          22.0          
-13314.6470897          -14416.5752807          21.0          
-13314.6470897          -14416.6601207          26.0          
-13314.6470897          -14416.7449607          34.0          
-13314.6470897          -14416.8298007          51.0          
-13314.6470897          -14416.9146407          66.0          
-13314.6470897          -14416.9994807          64.0          
-13314.6470897          -14417.0843207          81.0          
-13314.6470897          -14417.1691607          179.0          
-13314.6470897          -14417.2540007          257.0          
-13314.6470897          -14417.3388407          558.0          
-13314.6470897          -14417.4115607          810.0          
-13314.6470897          -14417.4964007          1044.0          
-13314.6470897          -14417.5812407          917.0          
-13314.6470897          -14417.6660807          655.0          
-13314.6470897          -14417.7509207          347.0          
-13314.6470897          -14417.8357607          203.0          
-13314.6470897          -14417.9206007          102.0          
-13314.6470897          -14418.0054407          68.0          
-13314.6470897          -14418.0902807          54.0          
-13314.6470897          -14418.1751207          40.0          
-13314.6470897          -14418.2599607          45.0          
-13314.6470897          -14418.3448007          28.0          
-13314.6470897          -14418.4296407          28.0          
-13314.6470897          -14418.5144807          25.0          
-13314.6470897          -14418.5993207          26.0          
-13314.6470897          -14418.6841607          19.0          
-13314.6470897          -14418.7690007          36.0          
-13314.6470897          -14418.8538407          22.0          
-13314.6470897          -14418.9386807          28.0          
-13314.6470897          -14419.0235207          28.0          
-13314.6470897          -14419.0962407          26.0          
-13314.6470897          -14419.1810807          22.0          
-13314.6470897          -14419.2659207          24.0          
-13314.6470897          -14419.3507607          29.0          
-13314.6470897          -14419.4356007          24.0          
-13314.6470897          -14419.5204407          30.0          
-13314.6470897          -14419.6052807          34.0          
-13314.6470897          -14419.6901207          29.0          
-13314.6470897          -14419.7749607          25.0          
-13314.6470897          -14419.8598007          35.0          
-13314.6470897          -14419.9446407          39.0          
-13314.6470897          -14420.0294807          37.0          
-13314.6470897          -14420.1143207          38.0          
-13314.6470897          -14420.1991607          44.0          
-13314.6470897          -14420.2840007          25.0          
-13314.6470897          -14420.3688407          41.0          
-13314.6470897          -14420.4536807          33.0          
-13314.6470897          -14420.5385207          40.0          
-13314.6470897          -14420.6233607          44.0          
-13314.6470897          -14420.7082007          45.0          
-13314.6470897          -14420.7930407          51.0          
-13314.6470897          -14420.8657607          63.0          
-13314.6470897          -14420.9506007          62.0          
-13314.6470897          -14421.0354407          57.0          
-13314.6470897          -14421.1202807          52.0          
-13314.6470897          -14421.2051207          62.0          
-13314.6470897          -14421.2899607          58.0          
-13314.6470897          -14421.3748007          38.0          
-13314.6470897          -14421.4596407          49.0          
-13314.6470897          -14421.5444807          49.0          
-13314.6470897          -14421.6293207          39.0          
-13314.6470897          -14421.7141607          31.0          
-13314.6470897          -14421.7990007          37.0          
-13314.6470897          -14421.8838407          47.0          
-13314.6470897          -14421.9686807          54.0          
-13314.6470897          -14422.0535207          46.0          
-13314.6470897          -14422.1383607          40.0          
-13314.6470897          -14422.2232007          27.0          
-13314.6470897          -14422.3080407          28.0          
-13314.6470897          -14422.3928807          33.0          
-13314.6470897          -14422.4777207          27.0          
-13314.6470897          -14422.5625607          17.0          
-13314.6470897          -14422.6352807          35.0          
-13314.6470897          -14422.7201207          18.0          
-13314.6470897          -14422.8049607          16.0          
-13314.6470897          -14422.8898007          22.0          
-13314.6470897          -14422.9746407          9.0          
-13314.6470897          -14423.0594807          10.0          
-13314.6470897          -14423.1443207          11.0          
-13314.6470897          -14423.2291607          12.0          
-13314.6470897          -14423.3140007          8.0          
-13314.6470897          -14423.3988407          12.0          
-13314.6470897          -14423.4836807          12.0          
-13314.6470897          -14423.5685207          14.0          
-13314.6470897          -14423.6533607          10.0          
-13314.6470897          -14423.7382007          14.0          
-13314.6470897          -14423.8230407          17.0          
-13314.6470897          -14423.9078807          12.0          
-13314.6470897          -14423.9927207          14.0          
-13314.6470897          -14424.0775607          17.0          
-13314.6470897          -14424.1624007          12.0          
-13314.6470897          -14424.2472407          9.0          
-13314.6470897          -14424.3199607          11.0          
-13314.6470897          -14424.4048007          18.0          
-13314.6470897          -14424.4896407          14.0          
-13314.6470897          -14424.5744807          17.0          
-13314.6470897          -14424.6593207          11.0          
-13314.6470897          -14424.7441607          18.0          
-13314.6470897          -14424.8290007          7.0          
-13314.6470897          -14424.9138407          16.0          
-13314.6470897          -14424.9986807          16.0          
-13314.6470897          -14425.0835207          17.0          
-13314.6470897          -14425.1683607          25.0          
-13314.6470897          -14425.2532007          12.0          
-13314.6470897          -14425.3380407          12.0          
-13314.6470897          -14425.4228807          15.0          
-13314.6470897          -14425.5077207          16.0          
-13314.6470897          -14425.5925607          14.0          
-13314.6470897          -14425.6774007          8.0          
-13314.6470897          -14425.7622407          12.0          
-13314.6470897          -14425.8470807          9.0          
-13314.6470897          -14425.9319207          10.0          
-13314.6470897          -14426.0167607          8.0          
-13314.6470897          -14426.0894807          9.0          
-13314.6470897          -14426.1743207          7.0          
-13314.6470897          -14426.2591607          17.0          
-13314.6470897          -14426.3440007          5.0          
-13314.6470897          -14426.4288407          13.0          
-13314.6470897          -14426.5136807          6.0          
-13314.6470897          -14426.5985207          9.0          
-13314.6470897          -14426.6833607          10.0          
-13314.6470897          -14426.7682007          11.0          
-13314.6470897          -14426.8530407          10.0          
-13314.6470897          -14426.9378807          15.0          
-13314.6470897          -14427.0227207          11.0          
-13314.6470897          -14427.1075607          7.0          
-13314.6470897          -14427.1924007          14.0          
-13314.6470897          -14427.2772407          11.0          
-13314.6470897          -14427.3620807          12.0          
-13314.6470897          -14427.4469207          5.0          
-13314.6470897          -14427.5317607          15.0          
-13314.6470897          -14427.6166007          10.0          
-13314.6470897          -14427.7014407          11.0          
-13314.6470897          -14427.7862807          10.0          
-13314.6470897          -14427.8590007          10.0          
-13314.6470897          -14427.9438407          6.0          
-13314.6470897          -14428.0286807          4.0          
-13314.6470897          -14428.1135207          5.0          
-13314.6470897          -14428.1983607          11.0          
-13314.6470897          -14428.2832007          2.0          
-13314.6470897          -14428.3680407          8.0          
-13314.6470897          -14428.4528807          10.0          
-13314.6470897          -14428.5377207          6.0          
-13314.6470897          -14428.6225607          5.0          
-13314.6470897          -14428.7074007          5.0          
-13314.6470897          -14428.7922407          3.0          
-13314.6470897          -14428.8770807          5.0          
-13314.6470897          -14428.9619207          3.0          
-13314.6470897          -14429.0467607          4.0          
-13314.6470897          -14429.1316007          7.0          
-13314.6470897          -14429.2164407          1.0          
-13314.6470897          -14429.3012807          4.0          
-13314.6470897          -14429.3861207          4.0          
-13314.6470897          -14429.4709607          2.0          
-13314.6470897          -14429.5436807          5.0          
-13314.6470897          -14429.6285207          4.0          
-13314.6470897          -14429.7133607          7.0          
-13314.6470897          -14429.7982007          2.0          
-13314.6470897          -14429.8830407          1.0          
-13314.6470897          -14429.9678807          3.0          
-13314.6470897          -14430.0527207          4.0          
-13314.6470897          -14430.1375607          3.0          
-13314.6470897          -14430.2224007          1.0          
-13314.6470897          -14430.3072407          1.0          
-13314.6470897          -14430.3920807          4.0          
-13314.6470897          -14430.4769207          1.0          
-13314.6470897          -14430.5617607          2.0          
-13314.6470897          -14430.6466007          0.0          
-13314.6470897          -14430.7314407          4.0          
-13314.6470897          -14430.8162807          2.0          
-13314.6470897          -14430.9011207          3.0          
-13314.6470897          -14430.9859607          5.0          
-13314.6470897          -14431.0708007          3.0          
-13314.6470897          -14431.1556407          2.0          
-13314.6470897          -14431.2404807          4.0          
-13314.6470897          -14431.3132007          1.0          
-13314.6470897          -14431.3980407          2.0          
-13314.6470897          -14431.4828807          3.0          
-13314.6470897          -14431.5677207          2.0          
-13314.6470897          -14431.6525607          4.0          
-13314.6470897          -14431.7374007          3.0          
-13314.6470897          -14431.8222407          6.0          
-13314.6470897          -14431.9070807          4.0          
-13314.6470897          -14431.9919207          1.0          
-13314.6470897          -14432.0767607          5.0          
-13314.6470897          -14432.1616007          4.0          
-13314.6470897          -14432.2464407          4.0          
-13314.6470897          -14432.3312807          5.0          
-13314.6470897          -14432.4161207          5.0          
-13314.6470897          -14432.5009607          8.0          
-13314.6470897          -14432.5858007          3.0          
-13314.6470897          -14432.6706407          4.0          
-13314.6470897          -14432.7554807          1.0          
-13314.6470897          -14432.8403207          4.0          
-13314.6470897          -14432.9251607          0.0          
-13314.6470897          -14433.0100007          2.0          
-13314.6470897          -14433.0827207          1.0          
-13314.6470897          -14433.1675607          2.0          
-13314.6470897          -14433.2524007          4.0          
-13314.6470897          -14433.3372407          3.0          
-13314.6470897          -14433.4220807          1.0          
-13314.6470897          -14433.5069207          3.0          
-13314.6470897          -14433.5917607          1.0          
-13314.6470897          -14433.6766007          2.0          
-13314.6470897          -14433.7614407          2.0          
-13314.6470897          -14433.8462807          2.0          
-13314.6470897          -14433.9311207          1.0          
-13314.6470897          -14434.0159607          2.0          
-13314.6470897          -14434.1008007          1.0          
-13314.6470897          -14434.1856407          1.0          
-13314.6470897          -14434.2704807          2.0          
-13314.6470897          -14434.3553207          0.0          
-13314.6470897          -14434.4401607          1.0          
-13314.6470897          -14434.5250007          1.0          
-13314.6470897          -14434.6098407          1.0          
-13314.6470897          -14434.6946807          1.0          
-13314.6470897          -14434.7674007          1.0          
-13314.6470897          -14434.8522407          1.0          
-13314.6470897          -14434.9370807          0.0          
-13314.6470897          -14435.0219207          1.0          
-13314.6470897          -14435.1067607          1.0          
-13314.6470897          -14435.1916007          1.0          
-13314.6470897          -14435.2764407          1.0          
-13314.6470897          -14435.3612807          2.0          
-13314.6470897          -14435.4461207          0.0          
-13314.6470897          -14435.5309607          0.0          
-13314.6470897          -14435.6158007          0.0          
-13314.6470897          -14435.7006407          0.0          
-13314.6470897          -14435.7854807          2.0          
-13314.6470897          -14435.8703207          1.0          
-13314.6470897          -14435.9551607          3.0          
-13314.6470897          -14436.0400007          1.0          
-13314.6470897          -14436.1248407          0.0          
-13314.6470897          -14436.2096807          1.0          
-13314.6470897          -14436.2945207          2.0          
-13314.6470897          -14436.3793607          1.0          
-13314.6470897          -14436.4642007          1.0          
-13314.6470897          -14436.5369207          0.0          
-13314.6470897          -14436.6217607          0.0          
-13314.6470897          -14436.7066007          0.0          
-13314.6470897          -14436.7914407          0.0          
-13314.6470897          -14436.8762807          1.0          
-13314.6470897          -14436.9611207          0.0          
-13314.6470897          -14437.0459607          0.0          
-13314.6470897          -14437.1308007          1.0          
-13314.6470897          -14437.2156407          0.0          
-13314.6470897          -14437.3004807          0.0          
-13314.6470897          -14437.3853207          1.0          
-13314.6470897          -14437.4701607          2.0          
-13314.6470897          -14437.5550007          0.0          
-13314.6470897          -14437.6398407          1.0          
-13314.6470897          -14437.7246807          0.0          
-13314.6470897          -14437.8095207          1.0          
-13314.6470897          -14437.8943607          1.0          
-13314.6470897          -14437.9792007          0.0          
-13314.6470897          -14438.0640407          0.0          
-13314.6470897          -14438.1488807          0.0          
-13314.6470897          -14438.2337207          1.0          
-13314.6470897          -14438.3064407          1.0          
-13314.6470897          -14438.3912807          1.0          
-13314.6470897          -14438.4761207          0.0          
-13314.6470897          -14438.5609607          1.0          
-13314.6470897          -14438.6458007          0.0          
-13314.6470897          -14438.7306407          2.0          
-13314.6470897          -14438.8154807          0.0          
-13314.6470897          -14438.9003207          1.0          
-13314.6470897          -14438.9851607          0.0          
-13314.6470897          -14439.0700007          1.0          
-13314.6470897          -14439.1548407          0.0          
-13314.6470897          -14439.2396807          0.0          
-13314.6470897          -14439.3245207          2.0          
-13314.6470897          -14439.4093607          0.0          
-13314.6470897          -14439.4942007          0.0          
-13314.6470897          -14439.5790407          1.0          
-13314.6470897          -14439.6638807          2.0          
-13314.6470897          -14439.7487207          0.0          
-13314.6470897          -14439.8335607          0.0          
-13314.6470897          -14439.9184007          1.0          
-13314.6470897          -14439.9911207          2.0          
-13314.6470897          -14440.0759607          1.0          
-13314.6470897          -14440.1608007          0.0          
-13314.6470897          -14440.2456407          0.0          
-13314.6470897          -14440.3304807          2.0          
-13314.6470897          -14440.4153207          1.0          
-13314.6470897          -14440.5001607          0.0          
-13314.6470897          -14440.5850007          0.0          
-13314.6470897          -14440.6698407          0.0          
-13314.6470897          -14440.7546807          1.0          
-13314.6470897          -14440.8395207          2.0          
-13314.6470897          -14440.9243607          1.0          
-13314.6470897          -14441.0092007          0.0          
-13314.6470897          -14441.0940407          0.0          
-13314.6470897          -14441.1788807          1.0          
-13314.6470897          -14441.2637207          1.0          
-13314.6470897          -14441.3485607          3.0          
-13314.6470897          -14441.4334007          0.0          
-13314.6470897          -14441.5182407          1.0          
-13314.6470897          -14441.6030807          1.0          
-13314.6470897          -14441.6879207          1.0          
-13314.6470897          -14441.7606407          1.0          
-13314.6470897          -14441.8454807          0.0          
-13314.6470897          -14441.9303207          0.0          
-13314.6470897          -14442.0151607          1.0          
-13314.6470897          -14442.1000007          0.0          
-13314.6470897          -14442.1848407          0.0          
-13314.6470897          -14442.2696807          1.0          
-13314.6470897          -14442.3545207          2.0          
-13314.6470897          -14442.4393607          0.0          
-13314.6470897          -14442.5242007          2.0          
-13314.6470897          -14442.6090407          0.0          
-13314.6470897          -14442.6938807          0.0          
-13314.6470897          -14442.7787207          1.0          
-13314.6470897          -14442.8635607          0.0          
-13314.6470897          -14442.9484007          0.0          
-13314.6470897          -14443.0332407          1.0          
-13314.6470897          -14443.1180807          0.0          
-13314.6470897          -14443.2029207          1.0          
-13314.6470897          -14443.2877607          0.0          
-13314.6470897          -14443.3726007          1.0          
-13314.6470897          -14443.4453207          1.0          
-13314.6470897          -14443.5301607          1.0          
-13314.6470897          -14443.6150007          1.0          
-13314.6470897          -14443.6998407          2.0          
-13314.6470897          -14443.7846807          0.0          
-13314.6470897          -14443.8695207          1.0          
-13314.6470897          -14443.9543607          0.0          
-13314.6470897          -14444.0392007          1.0          
-13314.6470897          -14444.1240407          0.0          
-13314.6470897          -14444.2088807          2.0          
-13314.6470897          -14444.2937207          0.0          
-13314.6470897          -14444.3785607          0.0          
-13314.6470897          -14444.4634007          1.0          
-13314.6470897          -14444.5482407          1.0          
-13314.6470897          -14444.6330807          0.0          
-13314.6470897          -14444.7179207          0.0          
-13314.6470897          -14444.8027607          1.0          
-13314.6470897          -14444.8876007          0.0          
-13314.6470897          -14444.9724407          1.0          
-13314.6470897          -14445.0572807          2.0          
-13314.6470897          -14445.1421207          0.0          
-13314.6470897          -14445.2148407          1.0          
-13314.6470897          -14445.2996807          0.0          
-13314.6470897          -14445.3845207          0.0          
-13314.6470897          -14445.4693607          0.0          
-13314.6470897          -14445.5542007          1.0          
-13314.6470897          -14445.6390407          0.0          
-13314.6470897          -14445.7238807          0.0          
-13314.6470897          -14445.8087207          1.0          
-13314.6470897          -14445.8935607          0.0          
-13314.6470897          -14445.9784007          0.0          
-13314.6470897          -14446.0632407          2.0          
-13314.6470897          -14446.1480807          0.0          
-13314.6470897          -14446.2329207          1.0          
-13314.6470897          -14446.3177607          0.0          
-13314.6470897          -14446.4026007          0.0          
-13314.6470897          -14446.4874407          0.0          
-13314.6470897          -14446.5722807          1.0          
-13314.6470897          -14446.6571207          0.0          
-13314.6470897          -14446.7419607          1.0          
-13314.6470897          -14446.8268007          1.0          
-13314.6470897          -14446.9116407          0.0          
-13314.6470897          -14446.9843607          0.0          
-13314.6470897          -14447.0692007          1.0          
-13314.6470897          -14447.1540407          0.0          
-13314.6470897          -14447.2388807          1.0          
-13314.6470897          -14447.3237207          1.0          
-13314.6470897          -14447.4085607          0.0          
-13314.6470897          -14447.4934007          1.0          
-13314.6470897          -14447.5782407          1.0          
-13314.6470897          -14447.6630807          0.0          
-13314.6470897          -14447.7479207          1.0          
-13314.6470897          -14447.8327607          1.0          
-13314.6470897          -14447.9176007          1.0          
-13314.6470897          -14448.0024407          1.0          
-13314.6470897          -14448.0872807          0.0          
-13314.6470897          -14448.1721207          0.0          
-13314.6470897          -14448.2569607          1.0          
