scan_0008.mda
%Energy xtal= Column: 1
%<label for="a2bool">xtal2A</label>= Column: 2
%<label for="sbool">signal</label>= Column: 3
0.0          -14386.4207207          0.0          
0.251752359597          -14386.5055607          0.0          
0.503504719189          -14386.5904007          0.0          
0.75525707878          -14386.6752407          0.0          
1.00700943837          -14386.7600807          0.0          
1.25876179797          -14386.8449207          0.0          
1.51051415756          -14386.9297607          1.0          
1.76226651715          -14387.0146007          1.0          
2.01401887674          -14387.0994407          0.0          
2.26577123634          -14387.1842807          1.0          
2.51752359593          -14387.2691207          0.0          
2.76927595552          -14387.3539607          1.0          
3.02102831512          -14387.4388007          1.0          
3.27278067471          -14387.5236407          1.0          
3.5245330343          -14387.6084807          0.0          
3.7403207711          -14387.6812007          0.0          
3.99207313069          -14387.7660407          0.0          
4.24382549028          -14387.8508807          0.0          
4.49557784988          -14387.9357207          0.0          
4.74733020947          -14388.0205607          1.0          
4.99908256906          -14388.1054007          1.0          
5.25083492865          -14388.1902407          0.0          
5.50258728825          -14388.2750807          0.0          
5.75433964784          -14388.3599207          0.0          
6.00609200744          -14388.4447607          0.0          
6.25784436703          -14388.5296007          0.0          
6.50959672662          -14388.6144407          0.0          
6.76134908622          -14388.6992807          1.0          
7.01310144581          -14388.7841207          0.0          
7.2648538054          -14388.8689607          0.0          
7.516606165          -14388.9538007          0.0          
7.76835852459          -14389.0386407          0.0          
8.02011088418          -14389.1234807          0.0          
8.27186324377          -14389.2083207          0.0          
8.52361560337          -14389.2931607          0.0          
8.77536796296          -14389.3780007          0.0          
8.99115569975          -14389.4507207          0.0          
9.24290805935          -14389.5355607          0.0          
9.49466041894          -14389.6204007          0.0          
9.74641277853          -14389.7052407          0.0          
9.99816513813          -14389.7900807          0.0          
10.2499174977          -14389.8749207          0.0          
10.5016698573          -14389.9597607          0.0          
10.7534222169          -14390.0446007          1.0          
11.0051745765          -14390.1294407          0.0          
11.2569269361          -14390.2142807          0.0          
11.5086792957          -14390.2991207          0.0          
11.7604316553          -14390.3839607          0.0          
12.0121840149          -14390.4688007          1.0          
12.2639363745          -14390.5536407          1.0          
12.5156887341          -14390.6384807          1.0          
12.7674410937          -14390.7233207          0.0          
13.0191934532          -14390.8081607          0.0          
13.2709458128          -14390.8930007          0.0          
13.5226981724          -14390.9778407          1.0          
13.774450532          -14391.0626807          1.0          
14.0262028916          -14391.1475207          0.0          
14.2419906284          -14391.2202407          0.0          
14.493742988          -14391.3050807          0.0          
14.7454953476          -14391.3899207          0.0          
14.9972477072          -14391.4747607          0.0          
15.2490000668          -14391.5596007          0.0          
15.5007524264          -14391.6444407          0.0          
15.752504786          -14391.7292807          0.0          
16.0042571456          -14391.8141207          1.0          
16.2560095052          -14391.8989607          1.0          
16.5077618647          -14391.9838007          0.0          
16.7595142243          -14392.0686407          0.0          
17.0112665839          -14392.1534807          1.0          
17.2630189435          -14392.2383207          1.0          
17.5147713031          -14392.3231607          1.0          
17.7665236627          -14392.4080007          0.0          
18.0182760223          -14392.4928407          0.0          
18.2700283819          -14392.5776807          0.0          
18.5217807415          -14392.6625207          0.0          
18.7735331011          -14392.7473607          1.0          
19.0252854607          -14392.8322007          0.0          
19.2410731975          -14392.9049207          0.0          
19.4928255571          -14392.9897607          0.0          
19.7445779167          -14393.0746007          0.0          
19.9963302763          -14393.1594407          0.0          
20.2480826358          -14393.2442807          0.0          
20.4998349954          -14393.3291207          0.0          
20.751587355          -14393.4139607          0.0          
21.0033397146          -14393.4988007          0.0          
21.2550920742          -14393.5836407          0.0          
21.5068444338          -14393.6684807          0.0          
21.7585967934          -14393.7533207          0.0          
22.010349153          -14393.8381607          1.0          
22.2621015126          -14393.9230007          0.0          
22.5138538722          -14394.0078407          0.0          
22.7656062318          -14394.0926807          1.0          
23.0173585914          -14394.1775207          0.0          
23.269110951          -14394.2623607          0.0          
23.5208633106          -14394.3472007          0.0          
23.7726156701          -14394.4320407          1.0          
24.0243680297          -14394.5168807          0.0          
24.2761203893          -14394.6017207          0.0          
24.4919081261          -14394.6744407          0.0          
24.7436604857          -14394.7592807          0.0          
24.9954128453          -14394.8441207          0.0          
25.2471652049          -14394.9289607          2.0          
25.4989175645          -14395.0138007          0.0          
25.7506699241          -14395.0986407          0.0          
26.0024222837          -14395.1834807          0.0          
26.2541746433          -14395.2683207          0.0          
26.5059270029          -14395.3531607          0.0          
26.7576793625          -14395.4380007          0.0          
27.0094317221          -14395.5228407          0.0          
27.2611840817          -14395.6076807          0.0          
27.5129364412          -14395.6925207          0.0          
27.7646888008          -14395.7773607          0.0          
28.0164411604          -14395.8622007          1.0          
28.26819352          -14395.9470407          0.0          
28.5199458796          -14396.0318807          2.0          
28.7716982392          -14396.1167207          1.0          
29.0234505988          -14396.2015607          0.0          
29.2752029584          -14396.2864007          0.0          
29.526955318          -14396.3712407          1.0          
29.7427430548          -14396.4439607          0.0          
29.9944954144          -14396.5288007          0.0          
30.246247774          -14396.6136407          0.0          
30.4980001336          -14396.6984807          0.0          
30.7497524932          -14396.7833207          1.0          
31.0015048527          -14396.8681607          0.0          
31.2532572123          -14396.9530007          1.0          
31.5050095719          -14397.0378407          1.0          
31.7567619315          -14397.1226807          0.0          
32.0085142911          -14397.2075207          1.0          
32.2602666507          -14397.2923607          0.0          
32.5120190103          -14397.3772007          1.0          
32.7637713699          -14397.4620407          0.0          
33.0155237295          -14397.5468807          0.0          
33.2672760891          -14397.6317207          0.0          
33.5190284487          -14397.7165607          1.0          
33.7707808083          -14397.8014007          0.0          
34.0225331679          -14397.8862407          2.0          
34.2742855275          -14397.9710807          1.0          
34.526037887          -14398.0559207          0.0          
34.7777902466          -14398.1407607          2.0          
34.9935779834          -14398.2134807          0.0          
35.245330343          -14398.2983207          1.0          
35.4970827026          -14398.3831607          0.0          
35.7488350622          -14398.4680007          0.0          
36.0005874218          -14398.5528407          1.0          
36.2523397814          -14398.6376807          0.0          
36.504092141          -14398.7225207          1.0          
36.7558445006          -14398.8073607          0.0          
37.0075968602          -14398.8922007          0.0          
37.2593492198          -14398.9770407          1.0          
37.5111015794          -14399.0618807          0.0          
37.762853939          -14399.1467207          0.0          
38.0146062986          -14399.2315607          0.0          
38.2663586581          -14399.3164007          1.0          
38.5181110177          -14399.4012407          0.0          
38.7698633773          -14399.4860807          1.0          
39.0216157369          -14399.5709207          1.0          
39.2733680965          -14399.6557607          2.0          
39.5251204561          -14399.7406007          4.0          
39.7768728157          -14399.8254407          0.0          
39.9926605525          -14399.8981607          2.0          
40.2444129121          -14399.9830007          1.0          
40.4961652717          -14400.0678407          1.0          
40.7479176313          -14400.1526807          1.0          
40.9996699909          -14400.2375207          0.0          
41.2514223505          -14400.3223607          1.0          
41.5031747101          -14400.4072007          0.0          
41.7549270697          -14400.4920407          0.0          
42.0066794292          -14400.5768807          0.0          
42.2584317888          -14400.6617207          1.0          
42.5101841484          -14400.7465607          1.0          
42.761936508          -14400.8314007          0.0          
43.0136888676          -14400.9162407          2.0          
43.2654412272          -14401.0010807          1.0          
43.5171935868          -14401.0859207          1.0          
43.7689459464          -14401.1707607          0.0          
44.020698306          -14401.2556007          0.0          
44.2724506656          -14401.3404407          0.0          
44.5242030252          -14401.4252807          0.0          
44.7759553848          -14401.5101207          0.0          
45.0277077444          -14401.5949607          0.0          
45.2434954812          -14401.6676807          2.0          
45.4952478407          -14401.7525207          2.0          
45.7470002003          -14401.8373607          0.0          
45.9987525599          -14401.9222007          1.0          
46.2505049195          -14402.0070407          3.0          
46.5022572791          -14402.0918807          2.0          
46.7540096387          -14402.1767207          0.0          
47.0057619983          -14402.2615607          0.0          
47.2575143579          -14402.3464007          1.0          
47.5092667175          -14402.4312407          1.0          
47.7610190771          -14402.5160807          2.0          
48.0127714367          -14402.6009207          1.0          
48.2645237963          -14402.6857607          2.0          
48.5162761559          -14402.7706007          0.0          
48.7680285155          -14402.8554407          1.0          
49.019780875          -14402.9402807          2.0          
49.2715332346          -14403.0251207          4.0          
49.5232855942          -14403.1099607          1.0          
49.7750379538          -14403.1948007          7.0          
50.0267903134          -14403.2796407          4.0          
50.2425780502          -14403.3523607          0.0          
50.4943304098          -14403.4372007          2.0          
50.7460827694          -14403.5220407          2.0          
50.997835129          -14403.6068807          3.0          
51.2495874886          -14403.6917207          1.0          
51.5013398482          -14403.7765607          3.0          
51.7530922078          -14403.8614007          0.0          
52.0048445674          -14403.9462407          1.0          
52.256596927          -14404.0310807          0.0          
52.5083492866          -14404.1159207          5.0          
52.7601016461          -14404.2007607          2.0          
53.0118540057          -14404.2856007          3.0          
53.2636063653          -14404.3704407          4.0          
53.5153587249          -14404.4552807          0.0          
53.7671110845          -14404.5401207          2.0          
54.0188634441          -14404.6249607          3.0          
54.2706158037          -14404.7098007          5.0          
54.5223681633          -14404.7946407          3.0          
54.7741205229          -14404.8794807          1.0          
55.0258728825          -14404.9643207          4.0          
55.2776252421          -14405.0491607          0.0          
55.4934129789          -14405.1218807          0.0          
55.7451653385          -14405.2067207          4.0          
55.9969176981          -14405.2915607          2.0          
56.2486700577          -14405.3764007          9.0          
56.5004224172          -14405.4612407          3.0          
56.7521747768          -14405.5460807          6.0          
57.0039271364          -14405.6309207          2.0          
57.255679496          -14405.7157607          3.0          
57.5074318556          -14405.8006007          4.0          
57.7591842152          -14405.8854407          9.0          
58.0109365748          -14405.9702807          7.0          
58.2626889344          -14406.0551207          3.0          
58.514441294          -14406.1399607          10.0          
58.7661936536          -14406.2248007          8.0          
59.0179460132          -14406.3096407          6.0          
59.2696983728          -14406.3944807          3.0          
59.5214507324          -14406.4793207          3.0          
59.773203092          -14406.5641607          7.0          
60.0249554515          -14406.6490007          3.0          
60.2767078111          -14406.7338407          6.0          
60.5284601707          -14406.8186807          2.0          
60.7442479075          -14406.8914007          10.0          
60.9960002671          -14406.9762407          1.0          
61.2477526267          -14407.0610807          9.0          
61.4995049863          -14407.1459207          7.0          
61.7512573459          -14407.2307607          11.0          
62.0030097055          -14407.3156007          6.0          
62.2547620651          -14407.4004407          4.0          
62.5065144247          -14407.4852807          4.0          
62.7582667843          -14407.5701207          3.0          
63.0100191439          -14407.6549607          7.0          
63.2617715035          -14407.7398007          2.0          
63.513523863          -14407.8246407          9.0          
63.7652762226          -14407.9094807          7.0          
64.0170285822          -14407.9943207          7.0          
64.2687809418          -14408.0791607          10.0          
64.5205333014          -14408.1640007          7.0          
64.772285661          -14408.2488407          7.0          
65.0240380206          -14408.3336807          13.0          
65.2757903802          -14408.4185207          4.0          
65.5275427398          -14408.5033607          5.0          
65.7433304766          -14408.5760807          13.0          
65.9950828362          -14408.6609207          8.0          
66.2468351958          -14408.7457607          11.0          
66.4985875554          -14408.8306007          14.0          
66.750339915          -14408.9154407          18.0          
67.0020922746          -14409.0002807          16.0          
67.2538446341          -14409.0851207          19.0          
67.5055969937          -14409.1699607          25.0          
67.7573493533          -14409.2548007          28.0          
68.0091017129          -14409.3396407          30.0          
68.2608540725          -14409.4244807          32.0          
68.5126064321          -14409.5093207          28.0          
68.7643587917          -14409.5941607          25.0          
69.0161111513          -14409.6790007          29.0          
69.2678635109          -14409.7638407          34.0          
69.5196158705          -14409.8486807          25.0          
69.7713682301          -14409.9335207          41.0          
70.0231205897          -14410.0183607          32.0          
70.2748729493          -14410.1032007          47.0          
70.5266253089          -14410.1880407          40.0          
70.7783776684          -14410.2728807          30.0          
70.9941654052          -14410.3456007          42.0          
71.2459177648          -14410.4304407          20.0          
71.4976701244          -14410.5152807          25.0          
71.749422484          -14410.6001207          26.0          
72.0011748436          -14410.6849607          24.0          
72.2529272032          -14410.7698007          35.0          
72.5046795628          -14410.8546407          21.0          
72.7564319224          -14410.9394807          18.0          
73.008184282          -14411.0243207          30.0          
73.2599366416          -14411.1091607          18.0          
73.5116890012          -14411.1940007          25.0          
73.7634413608          -14411.2788407          25.0          
74.0151937204          -14411.3636807          22.0          
74.26694608          -14411.4485207          19.0          
74.5186984395          -14411.5333607          15.0          
74.7704507991          -14411.6182007          18.0          
75.0222031587          -14411.7030407          22.0          
75.2739555183          -14411.7878807          13.0          
75.5257078779          -14411.8727207          19.0          
75.7774602375          -14411.9575607          15.0          
76.0292125971          -14412.0424007          15.0          
76.2450003339          -14412.1151207          16.0          
76.4967526935          -14412.1999607          23.0          
76.7485050531          -14412.2848007          25.0          
77.0002574127          -14412.3696407          23.0          
77.2520097723          -14412.4544807          15.0          
77.5037621319          -14412.5393207          26.0          
77.7555144915          -14412.6241607          21.0          
78.0072668511          -14412.7090007          38.0          
78.2590192106          -14412.7938407          39.0          
78.5107715702          -14412.8786807          37.0          
78.7625239298          -14412.9635207          43.0          
79.0142762894          -14413.0483607          53.0          
79.266028649          -14413.1332007          63.0          
79.5177810086          -14413.2180407          87.0          
79.7695333682          -14413.3028807          129.0          
80.0212857278          -14413.3877207          223.0          
80.2730380874          -14413.4725607          392.0          
80.524790447          -14413.5574007          579.0          
80.7765428066          -14413.6422407          823.0          
81.0282951662          -14413.7270807          815.0          
81.244082903          -14413.7998007          719.0          
81.4958352626          -14413.8846407          454.0          
81.7475876221          -14413.9694807          233.0          
81.9993399817          -14414.0543207          127.0          
82.2510923413          -14414.1391607          59.0          
82.5028447009          -14414.2240007          54.0          
82.7545970605          -14414.3088407          32.0          
83.0063494201          -14414.3936807          24.0          
83.2581017797          -14414.4785207          27.0          
83.5098541393          -14414.5633607          23.0          
83.7616064989          -14414.6482007          27.0          
84.0133588585          -14414.7330407          24.0          
84.2651112181          -14414.8178807          29.0          
84.5168635777          -14414.9027207          21.0          
84.7686159373          -14414.9875607          20.0          
85.0203682969          -14415.0724007          19.0          
85.2721206564          -14415.1572407          21.0          
85.523873016          -14415.2420807          21.0          
85.7756253756          -14415.3269207          16.0          
86.0273777352          -14415.4117607          16.0          
86.2791300948          -14415.4966007          23.0          
86.4949178316          -14415.5693207          23.0          
86.7466701912          -14415.6541607          27.0          
86.9984225508          -14415.7390007          19.0          
87.2501749104          -14415.8238407          25.0          
87.50192727          -14415.9086807          30.0          
87.7536796296          -14415.9935207          26.0          
88.0054319892          -14416.0783607          32.0          
88.2571843488          -14416.1632007          35.0          
88.5089367084          -14416.2480407          31.0          
88.760689068          -14416.3328807          31.0          
89.0124414275          -14416.4177207          36.0          
89.2641937871          -14416.5025607          35.0          
89.5159461467          -14416.5874007          30.0          
89.7676985063          -14416.6722407          34.0          
90.0194508659          -14416.7570807          43.0          
90.2712032255          -14416.8419207          31.0          
90.5229555851          -14416.9267607          31.0          
90.7747079447          -14417.0116007          36.0          
91.0264603043          -14417.0964407          44.0          
91.2782126639          -14417.1812807          58.0          
91.5299650235          -14417.2661207          50.0          
91.7457527603          -14417.3388407          61.0          
91.9975051199          -14417.4236807          72.0          
92.2492574795          -14417.5085207          53.0          
92.5010098391          -14417.5933607          60.0          
92.7527621986          -14417.6782007          45.0          
93.0045145582          -14417.7630407          66.0          
93.2562669178          -14417.8478807          47.0          
93.5080192774          -14417.9327207          44.0          
93.759771637          -14418.0175607          55.0          
94.0115239966          -14418.1024007          48.0          
94.2632763562          -14418.1872407          41.0          
94.5150287158          -14418.2720807          37.0          
94.7667810754          -14418.3569207          41.0          
95.018533435          -14418.4417607          26.0          
95.2702857946          -14418.5266007          27.0          
95.5220381542          -14418.6114407          11.0          
95.7737905138          -14418.6962807          15.0          
96.0255428734          -14418.7811207          17.0          
96.2772952329          -14418.8659607          16.0          
96.5290475925          -14418.9508007          15.0          
96.7448353293          -14419.0235207          10.0          
96.9965876889          -14419.1083607          17.0          
97.2483400485          -14419.1932007          13.0          
97.5000924081          -14419.2780407          10.0          
97.7518447677          -14419.3628807          6.0          
98.0035971273          -14419.4477207          16.0          
98.2553494869          -14419.5325607          13.0          
98.5071018465          -14419.6174007          12.0          
98.7588542061          -14419.7022407          12.0          
99.0106065657          -14419.7870807          12.0          
99.2623589253          -14419.8719207          10.0          
99.5141112849          -14419.9567607          8.0          
99.7658636444          -14420.0416007          5.0          
100.017616004          -14420.1264407          18.0          
100.269368364          -14420.2112807          12.0          
100.521120723          -14420.2961207          16.0          
100.772873083          -14420.3809607          9.0          
101.024625442          -14420.4658007          14.0          
101.276377802          -14420.5506407          10.0          
101.528130162          -14420.6354807          11.0          
101.779882521          -14420.7203207          5.0          
101.995670258          -14420.7930407          14.0          
102.247422618          -14420.8778807          8.0          
102.499174977          -14420.9627207          11.0          
102.750927337          -14421.0475607          11.0          
103.002679696          -14421.1324007          20.0          
103.254432056          -14421.2172407          19.0          
103.506184416          -14421.3020807          9.0          
103.757936775          -14421.3869207          10.0          
104.009689135          -14421.4717607          12.0          
104.261441494          -14421.5566007          10.0          
104.513193854          -14421.6414407          12.0          
104.764946214          -14421.7262807          4.0          
105.016698573          -14421.8111207          8.0          
105.268450933          -14421.8959607          11.0          
105.520203292          -14421.9808007          6.0          
105.771955652          -14422.0656407          10.0          
106.023708011          -14422.1504807          7.0          
106.275460371          -14422.2353207          8.0          
106.527212731          -14422.3201607          10.0          
106.77896509          -14422.4050007          7.0          
107.03071745          -14422.4898407          10.0          
107.246505187          -14422.5625607          8.0          
107.498257546          -14422.6474007          8.0          
107.750009906          -14422.7322407          8.0          
108.001762265          -14422.8170807          11.0          
108.253514625          -14422.9019207          8.0          
108.505266985          -14422.9867607          15.0          
108.757019344          -14423.0716007          10.0          
109.008771704          -14423.1564407          11.0          
109.260524063          -14423.2412807          5.0          
109.512276423          -14423.3261207          15.0          
109.764028783          -14423.4109607          9.0          
110.015781142          -14423.4958007          9.0          
110.267533502          -14423.5806407          6.0          
110.519285861          -14423.6654807          9.0          
110.771038221          -14423.7503207          7.0          
111.022790581          -14423.8351607          8.0          
111.27454294          -14423.9200007          8.0          
111.5262953          -14424.0048407          6.0          
111.778047659          -14424.0896807          5.0          
112.029800019          -14424.1745207          5.0          
112.245587756          -14424.2472407          5.0          
112.497340115          -14424.3320807          6.0          
112.749092475          -14424.4169207          4.0          
113.000844834          -14424.5017607          4.0          
113.252597194          -14424.5866007          4.0          
113.504349554          -14424.6714407          7.0          
113.756101913          -14424.7562807          3.0          
114.007854273          -14424.8411207          8.0          
114.259606632          -14424.9259607          1.0          
114.511358992          -14425.0108007          6.0          
114.763111352          -14425.0956407          5.0          
115.014863711          -14425.1804807          6.0          
115.266616071          -14425.2653207          6.0          
115.51836843          -14425.3501607          0.0          
115.77012079          -14425.4350007          3.0          
116.02187315          -14425.5198407          3.0          
116.273625509          -14425.6046807          3.0          
116.525377869          -14425.6895207          4.0          
116.777130228          -14425.7743607          2.0          
117.028882588          -14425.8592007          4.0          
117.280634948          -14425.9440407          4.0          
117.496422684          -14426.0167607          2.0          
117.748175044          -14426.1016007          1.0          
117.999927404          -14426.1864407          2.0          
118.251679763          -14426.2712807          4.0          
118.503432123          -14426.3561207          3.0          
118.755184482          -14426.4409607          3.0          
119.006936842          -14426.5258007          5.0          
119.258689202          -14426.6106407          2.0          
119.510441561          -14426.6954807          3.0          
119.762193921          -14426.7803207          4.0          
120.01394628          -14426.8651607          4.0          
120.26569864          -14426.9500007          2.0          
120.517450999          -14427.0348407          0.0          
120.769203359          -14427.1196807          3.0          
121.020955719          -14427.2045207          4.0          
121.272708078          -14427.2893607          2.0          
121.524460438          -14427.3742007          2.0          
121.776212797          -14427.4590407          4.0          
122.027965157          -14427.5438807          1.0          
122.279717517          -14427.6287207          1.0          
122.531469876          -14427.7135607          3.0          
122.747257613          -14427.7862807          1.0          
122.999009973          -14427.8711207          1.0          
123.250762332          -14427.9559607          3.0          
123.502514692          -14428.0408007          5.0          
123.754267051          -14428.1256407          1.0          
124.006019411          -14428.2104807          3.0          
124.257771771          -14428.2953207          3.0          
124.50952413          -14428.3801607          2.0          
124.76127649          -14428.4650007          2.0          
125.013028849          -14428.5498407          3.0          
125.264781209          -14428.6346807          0.0          
125.516533569          -14428.7195207          4.0          
125.768285928          -14428.8043607          2.0          
126.020038288          -14428.8892007          3.0          
126.271790647          -14428.9740407          1.0          
126.523543007          -14429.0588807          2.0          
126.775295367          -14429.1437207          0.0          
127.027047726          -14429.2285607          5.0          
127.278800086          -14429.3134007          2.0          
127.530552445          -14429.3982407          0.0          
127.746340182          -14429.4709607          1.0          
127.998092542          -14429.5558007          0.0          
128.249844901          -14429.6406407          1.0          
128.501597261          -14429.7254807          0.0          
128.75334962          -14429.8103207          2.0          
129.00510198          -14429.8951607          1.0          
129.25685434          -14429.9800007          0.0          
129.508606699          -14430.0648407          4.0          
129.760359059          -14430.1496807          3.0          
130.012111418          -14430.2345207          3.0          
130.263863778          -14430.3193607          4.0          
130.515616138          -14430.4042007          2.0          
130.767368497          -14430.4890407          2.0          
131.019120857          -14430.5738807          3.0          
131.270873216          -14430.6587207          0.0          
131.522625576          -14430.7435607          1.0          
131.774377936          -14430.8284007          2.0          
132.026130295          -14430.9132407          0.0          
132.277882655          -14430.9980807          1.0          
132.529635014          -14431.0829207          0.0          
132.781387374          -14431.1677607          1.0          
132.997175111          -14431.2404807          0.0          
133.24892747          -14431.3253207          0.0          
133.50067983          -14431.4101607          2.0          
133.75243219          -14431.4950007          0.0          
134.004184549          -14431.5798407          0.0          
134.255936909          -14431.6646807          0.0          
134.507689268          -14431.7495207          0.0          
134.759441628          -14431.8343607          1.0          
135.011193987          -14431.9192007          1.0          
135.262946347          -14432.0040407          0.0          
135.514698707          -14432.0888807          0.0          
135.766451066          -14432.1737207          0.0          
136.018203426          -14432.2585607          0.0          
136.269955785          -14432.3434007          1.0          
136.521708145          -14432.4282407          0.0          
136.773460505          -14432.5130807          1.0          
137.025212864          -14432.5979207          0.0          
137.276965224          -14432.6827607          0.0          
137.528717583          -14432.7676007          1.0          
137.780469943          -14432.8524407          0.0          
137.99625768          -14432.9251607          0.0          
138.248010039          -14433.0100007          1.0          
138.499762399          -14433.0948407          1.0          
138.751514759          -14433.1796807          0.0          
139.003267118          -14433.2645207          1.0          
139.255019478          -14433.3493607          0.0          
139.506771837          -14433.4342007          0.0          
139.758524197          -14433.5190407          0.0          
140.010276557          -14433.6038807          0.0          
140.262028916          -14433.6887207          0.0          
140.513781276          -14433.7735607          1.0          
140.765533635          -14433.8584007          0.0          
141.017285995          -14433.9432407          2.0          
141.269038355          -14434.0280807          0.0          
141.520790714          -14434.1129207          0.0          
141.772543074          -14434.1977607          1.0          
142.024295433          -14434.2826007          1.0          
142.276047793          -14434.3674407          0.0          
142.527800152          -14434.4522807          0.0          
142.779552512          -14434.5371207          0.0          
143.031304872          -14434.6219607          0.0          
143.247092608          -14434.6946807          1.0          
143.498844968          -14434.7795207          1.0          
143.750597328          -14434.8643607          0.0          
144.002349687          -14434.9492007          1.0          
144.254102047          -14435.0340407          0.0          
144.505854406          -14435.1188807          0.0          
144.757606766          -14435.2037207          0.0          
145.009359126          -14435.2885607          0.0          
145.261111485          -14435.3734007          0.0          
145.512863845          -14435.4582407          0.0          
145.764616204          -14435.5430807          0.0          
146.016368564          -14435.6279207          0.0          
146.268120924          -14435.7127607          0.0          
146.519873283          -14435.7976007          0.0          
146.771625643          -14435.8824407          1.0          
147.023378002          -14435.9672807          0.0          
147.275130362          -14436.0521207          1.0          
147.526882722          -14436.1369607          0.0          
147.778635081          -14436.2218007          0.0          
148.030387441          -14436.3066407          0.0          
148.2821398          -14436.3914807          0.0          
148.497927537          -14436.4642007          0.0          
148.749679897          -14436.5490407          0.0          
149.001432256          -14436.6338807          0.0          
149.253184616          -14436.7187207          0.0          
149.504936975          -14436.8035607          0.0          
149.756689335          -14436.8884007          0.0          
150.008441695          -14436.9732407          1.0          
150.260194054          -14437.0580807          0.0          
150.511946414          -14437.1429207          0.0          
150.763698773          -14437.2277607          0.0          
151.015451133          -14437.3126007          0.0          
151.267203493          -14437.3974407          1.0          
151.518955852          -14437.4822807          0.0          
151.770708212          -14437.5671207          0.0          
152.022460571          -14437.6519607          1.0          
152.274212931          -14437.7368007          0.0          
152.525965291          -14437.8216407          0.0          
152.77771765          -14437.9064807          1.0          
153.02947001          -14437.9913207          0.0          
153.281222369          -14438.0761607          0.0          
153.497010106          -14438.1488807          1.0          
153.748762466          -14438.2337207          0.0          
154.000514825          -14438.3185607          0.0          
154.252267185          -14438.4034007          0.0          
154.504019545          -14438.4882407          0.0          
154.755771904          -14438.5730807          0.0          
155.007524264          -14438.6579207          0.0          
155.259276623          -14438.7427607          1.0          
155.511028983          -14438.8276007          0.0          
155.762781343          -14438.9124407          0.0          
156.014533702          -14438.9972807          3.0          
156.266286062          -14439.0821207          0.0          
156.518038421          -14439.1669607          0.0          
156.769790781          -14439.2518007          0.0          
157.02154314          -14439.3366407          0.0          
157.2732955          -14439.4214807          2.0          
157.52504786          -14439.5063207          0.0          
157.776800219          -14439.5911607          0.0          
158.028552579          -14439.6760007          0.0          
158.280304938          -14439.7608407          2.0          
158.532057298          -14439.8456807          1.0          
158.747845035          -14439.9184007          0.0          
158.999597394          -14440.0032407          0.0          
159.251349754          -14440.0880807          1.0          
159.503102114          -14440.1729207          0.0          
159.754854473          -14440.2577607          0.0          
160.006606833          -14440.3426007          0.0          
