scan_0008.mda
%Energy xtal= Column: 1
%<label for="a1bool">xtal1A</label>= Column: 2
%<label for="a2bool">xtal2A</label>= Column: 3
%<label for="t1bool">xtal1T</label>= Column: 4
%<label for="sbool">signal</label>= Column: 5
0.0          -13312.6472897          -14386.4207207          300.594238281          0.0          
0.251752359597          -13312.6472897          -14386.5055607          300.59463501          0.0          
0.503504719189          -13312.6472897          -14386.5904007          300.59463501          0.0          
0.75525707878          -13312.6472897          -14386.6752407          300.59463501          0.0          
1.00700943837          -13312.6472897          -14386.7600807          300.595428467          0.0          
1.25876179797          -13312.6472897          -14386.8449207          300.595428467          0.0          
1.51051415756          -13312.6472897          -14386.9297607          300.595428467          1.0          
1.76226651715          -13312.6472897          -14387.0146007          300.595581055          1.0          
2.01401887674          -13312.6472897          -14387.0994407          300.595581055          0.0          
2.26577123634          -13312.6472897          -14387.1842807          300.596130371          1.0          
2.51752359593          -13312.6472897          -14387.2691207          300.596130371          0.0          
2.76927595552          -13312.6472897          -14387.3539607          300.596130371          1.0          
3.02102831512          -13312.6472897          -14387.4388007          300.596343994          1.0          
3.27278067471          -13312.6472897          -14387.5236407          300.596343994          1.0          
3.5245330343          -13312.6472897          -14387.6084807          300.596343994          0.0          
3.7403207711          -13312.6472897          -14387.6812007          300.596954346          0.0          
3.99207313069          -13312.6472897          -14387.7660407          300.596954346          0.0          
4.24382549028          -13312.6472897          -14387.8508807          300.596954346          0.0          
4.49557784988          -13312.6472897          -14387.9357207          300.597625732          0.0          
4.74733020947          -13312.6472897          -14388.0205607          300.597625732          1.0          
4.99908256906          -13312.6472897          -14388.1054007          300.597625732          1.0          
5.25083492865          -13312.6472897          -14388.1902407          300.598022461          0.0          
5.50258728825          -13312.6472897          -14388.2750807          300.598022461          0.0          
5.75433964784          -13312.6472897          -14388.3599207          300.598022461          0.0          
6.00609200744          -13312.6472897          -14388.4447607          300.598754883          0.0          
6.25784436703          -13312.6472897          -14388.5296007          300.598754883          0.0          
6.50959672662          -13312.6472897          -14388.6144407          300.599029541          0.0          
6.76134908622          -13312.6472897          -14388.6992807          300.599029541          1.0          
7.01310144581          -13312.6472897          -14388.7841207          300.599029541          0.0          
7.2648538054          -13312.6472897          -14388.8689607          300.599578857          0.0          
7.516606165          -13312.6472897          -14388.9538007          300.599578857          0.0          
7.76835852459          -13312.6472897          -14389.0386407          300.599578857          0.0          
8.02011088418          -13312.6472897          -14389.1234807          300.600006104          0.0          
8.27186324377          -13312.6472897          -14389.2083207          300.600006104          0.0          
8.52361560337          -13312.6472897          -14389.2931607          300.600006104          0.0          
8.77536796296          -13312.6472897          -14389.3780007          300.600372314          0.0          
8.99115569975          -13312.6472897          -14389.4507207          300.600372314          0.0          
9.24290805935          -13312.6472897          -14389.5355607          300.600372314          0.0          
9.49466041894          -13312.6472897          -14389.6204007          300.601043701          0.0          
9.74641277853          -13312.6472897          -14389.7052407          300.601043701          0.0          
9.99816513813          -13312.6472897          -14389.7900807          300.601043701          0.0          
10.2499174977          -13312.6472897          -14389.8749207          300.601287842          0.0          
10.5016698573          -13312.6472897          -14389.9597607          300.601287842          0.0          
10.7534222169          -13312.6472897          -14390.0446007          300.601898193          1.0          
11.0051745765          -13312.6472897          -14390.1294407          300.601898193          0.0          
11.2569269361          -13312.6472897          -14390.2142807          300.601898193          0.0          
11.5086792957          -13312.6472897          -14390.2991207          300.602355957          0.0          
11.7604316553          -13312.6472897          -14390.3839607          300.602355957          0.0          
12.0121840149          -13312.6472897          -14390.4688007          300.602355957          1.0          
12.2639363745          -13312.6472897          -14390.5536407          300.602661133          1.0          
12.5156887341          -13312.6472897          -14390.6384807          300.602661133          1.0          
12.7674410937          -13312.6472897          -14390.7233207          300.602661133          0.0          
13.0191934532          -13312.6472897          -14390.8081607          300.603210449          0.0          
13.2709458128          -13312.6472897          -14390.8930007          300.603210449          0.0          
13.5226981724          -13312.6472897          -14390.9778407          300.603210449          1.0          
13.774450532          -13312.6472897          -14391.0626807          300.60357666          1.0          
14.0262028916          -13312.6472897          -14391.1475207          300.60357666          0.0          
14.2419906284          -13312.6472897          -14391.2202407          300.60357666          0.0          
14.493742988          -13312.6472897          -14391.3050807          300.604217529          0.0          
14.7454953476          -13312.6472897          -14391.3899207          300.604217529          0.0          
14.9972477072          -13312.6472897          -14391.4747607          300.604614258          0.0          
15.2490000668          -13312.6472897          -14391.5596007          300.604614258          0.0          
15.5007524264          -13312.6472897          -14391.6444407          300.604614258          0.0          
15.752504786          -13312.6472897          -14391.7292807          300.604949951          0.0          
16.0042571456          -13312.6472897          -14391.8141207          300.604949951          1.0          
16.2560095052          -13312.6472897          -14391.8989607          300.604949951          1.0          
16.5077618647          -13312.6472897          -14391.9838007          300.605712891          0.0          
16.7595142243          -13312.6472897          -14392.0686407          300.605712891          0.0          
17.0112665839          -13312.6472897          -14392.1534807          300.605712891          1.0          
17.2630189435          -13312.6472897          -14392.2383207          300.605957031          1.0          
17.5147713031          -13312.6472897          -14392.3231607          300.605957031          1.0          
17.7665236627          -13312.6472897          -14392.4080007          300.605957031          0.0          
18.0182760223          -13312.6472897          -14392.4928407          300.606445312          0.0          
18.2700283819          -13312.6472897          -14392.5776807          300.606445312          0.0          
18.5217807415          -13312.6472897          -14392.6625207          300.606445312          0.0          
18.7735331011          -13312.6472897          -14392.7473607          300.606872559          1.0          
19.0252854607          -13312.6472897          -14392.8322007          300.606872559          0.0          
19.2410731975          -13312.6472897          -14392.9049207          300.60736084          0.0          
19.4928255571          -13312.6472897          -14392.9897607          300.60736084          0.0          
19.7445779167          -13312.6472897          -14393.0746007          300.60736084          0.0          
19.9963302763          -13312.6472897          -14393.1594407          300.607849121          0.0          
20.2480826358          -13312.6472897          -14393.2442807          300.607849121          0.0          
20.4998349954          -13312.6472897          -14393.3291207          300.607849121          0.0          
20.751587355          -13312.6472897          -14393.4139607          300.608032227          0.0          
21.0033397146          -13312.6472897          -14393.4988007          300.608032227          0.0          
21.2550920742          -13312.6472897          -14393.5836407          300.608032227          0.0          
21.5068444338          -13312.6472897          -14393.6684807          300.608642578          0.0          
21.7585967934          -13312.6472897          -14393.7533207          300.608642578          0.0          
22.010349153          -13312.6472897          -14393.8381607          300.608642578          1.0          
22.2621015126          -13312.6472897          -14393.9230007          300.608825684          0.0          
22.5138538722          -13312.6472897          -14394.0078407          300.608825684          0.0          
22.7656062318          -13312.6472897          -14394.0926807          300.608825684          1.0          
23.0173585914          -13312.6472897          -14394.1775207          300.609558105          0.0          
23.269110951          -13312.6472897          -14394.2623607          300.609558105          0.0          
23.5208633106          -13312.6472897          -14394.3472007          300.609558105          0.0          
23.7726156701          -13312.6472897          -14394.4320407          300.609863281          1.0          
24.0243680297          -13312.6472897          -14394.5168807          300.609863281          0.0          
24.2761203893          -13312.6472897          -14394.6017207          300.610534668          0.0          
24.4919081261          -13312.6472897          -14394.6744407          300.610534668          0.0          
24.7436604857          -13312.6472897          -14394.7592807          300.610534668          0.0          
24.9954128453          -13312.6472897          -14394.8441207          300.610809326          0.0          
25.2471652049          -13312.6472897          -14394.9289607          300.610809326          2.0          
25.4989175645          -13312.6472897          -14395.0138007          300.610809326          0.0          
25.7506699241          -13312.6472897          -14395.0986407          300.611328125          0.0          
26.0024222837          -13312.6472897          -14395.1834807          300.611328125          0.0          
26.2541746433          -13312.6472897          -14395.2683207          300.611328125          0.0          
26.5059270029          -13312.6472897          -14395.3531607          300.611755371          0.0          
26.7576793625          -13312.6472897          -14395.4380007          300.611755371          0.0          
27.0094317221          -13312.6472897          -14395.5228407          300.611755371          0.0          
27.2611840817          -13312.6472897          -14395.6076807          300.612091064          0.0          
27.5129364412          -13312.6472897          -14395.6925207          300.612091064          0.0          
27.7646888008          -13312.6472897          -14395.7773607          300.612091064          0.0          
28.0164411604          -13312.6472897          -14395.8622007          300.612609863          1.0          
28.26819352          -13312.6472897          -14395.9470407          300.612609863          0.0          
28.5199458796          -13312.6472897          -14396.0318807          300.613067627          2.0          
28.7716982392          -13312.6472897          -14396.1167207          300.613067627          1.0          
29.0234505988          -13312.6472897          -14396.2015607          300.613067627          0.0          
29.2752029584          -13312.6472897          -14396.2864007          300.613372803          0.0          
29.526955318          -13312.6472897          -14396.3712407          300.613372803          1.0          
29.7427430548          -13312.6472897          -14396.4439607          300.613372803          0.0          
29.9944954144          -13312.6472897          -14396.5288007          300.613830566          0.0          
30.246247774          -13312.6472897          -14396.6136407          300.613830566          0.0          
30.4980001336          -13312.6472897          -14396.6984807          300.613830566          0.0          
30.7497524932          -13312.6472897          -14396.7833207          300.61416626          1.0          
31.0015048527          -13312.6472897          -14396.8681607          300.61416626          0.0          
31.2532572123          -13312.6472897          -14396.9530007          300.61416626          1.0          
31.5050095719          -13312.6472897          -14397.0378407          300.614807129          1.0          
31.7567619315          -13312.6472897          -14397.1226807          300.614807129          0.0          
32.0085142911          -13312.6472897          -14397.2075207          300.614807129          1.0          
32.2602666507          -13312.6472897          -14397.2923607          300.614990234          0.0          
32.5120190103          -13312.6472897          -14397.3772007          300.614990234          1.0          
32.7637713699          -13312.6472897          -14397.4620407          300.615447998          0.0          
33.0155237295          -13312.6472897          -14397.5468807          300.615447998          0.0          
33.2672760891          -13312.6472897          -14397.6317207          300.615447998          0.0          
33.5190284487          -13312.6472897          -14397.7165607          300.615966797          1.0          
33.7707808083          -13312.6472897          -14397.8014007          300.615966797          0.0          
34.0225331679          -13312.6472897          -14397.8862407          300.615966797          2.0          
34.2742855275          -13312.6472897          -14397.9710807          300.616210938          1.0          
34.526037887          -13312.6472897          -14398.0559207          300.616210938          0.0          
34.7777902466          -13312.6472897          -14398.1407607          300.616210938          2.0          
34.9935779834          -13312.6472897          -14398.2134807          300.616607666          0.0          
35.245330343          -13312.6472897          -14398.2983207          300.616607666          1.0          
35.4970827026          -13312.6472897          -14398.3831607          300.616607666          0.0          
35.7488350622          -13312.6472897          -14398.4680007          300.6171875          0.0          
36.0005874218          -13312.6472897          -14398.5528407          300.6171875          1.0          
36.2523397814          -13312.6472897          -14398.6376807          300.6171875          0.0          
36.504092141          -13312.6472897          -14398.7225207          300.617614746          1.0          
36.7558445006          -13312.6472897          -14398.8073607          300.617614746          0.0          
37.0075968602          -13312.6472897          -14398.8922007          300.617889404          0.0          
37.2593492198          -13312.6472897          -14398.9770407          300.617889404          1.0          
37.5111015794          -13312.6472897          -14399.0618807          300.617889404          0.0          
37.762853939          -13312.6472897          -14399.1467207          300.618255615          0.0          
38.0146062986          -13312.6472897          -14399.2315607          300.618255615          0.0          
38.2663586581          -13312.6472897          -14399.3164007          300.618255615          1.0          
38.5181110177          -13312.6472897          -14399.4012407          300.618988037          0.0          
38.7698633773          -13312.6472897          -14399.4860807          300.618988037          1.0          
39.0216157369          -13312.6472897          -14399.5709207          300.618988037          1.0          
39.2733680965          -13312.6472897          -14399.6557607          300.61907959          2.0          
39.5251204561          -13312.6472897          -14399.7406007          300.61907959          4.0          
39.7768728157          -13312.6472897          -14399.8254407          300.61907959          0.0          
39.9926605525          -13312.6472897          -14399.8981607          300.619659424          2.0          
40.2444129121          -13312.6472897          -14399.9830007          300.619659424          1.0          
40.4961652717          -13312.6472897          -14400.0678407          300.619659424          1.0          
40.7479176313          -13312.6472897          -14400.1526807          300.619934082          1.0          
40.9996699909          -13312.6472897          -14400.2375207          300.619934082          0.0          
41.2514223505          -13312.6472897          -14400.3223607          300.620330811          1.0          
41.5031747101          -13312.6472897          -14400.4072007          300.620330811          0.0          
41.7549270697          -13312.6472897          -14400.4920407          300.620330811          0.0          
42.0066794292          -13312.6472897          -14400.5768807          300.620666504          0.0          
42.2584317888          -13312.6472897          -14400.6617207          300.620666504          1.0          
42.5101841484          -13312.6472897          -14400.7465607          300.620666504          1.0          
42.761936508          -13312.6472897          -14400.8314007          300.621032715          0.0          
43.0136888676          -13312.6472897          -14400.9162407          300.621032715          2.0          
43.2654412272          -13312.6472897          -14401.0010807          300.621032715          1.0          
43.5171935868          -13312.6472897          -14401.0859207          300.621643066          1.0          
43.7689459464          -13312.6472897          -14401.1707607          300.621643066          0.0          
44.020698306          -13312.6472897          -14401.2556007          300.621643066          0.0          
44.2724506656          -13312.6472897          -14401.3404407          300.621887207          0.0          
44.5242030252          -13312.6472897          -14401.4252807          300.621887207          0.0          
44.7759553848          -13312.6472897          -14401.5101207          300.621887207          0.0          
45.0277077444          -13312.6472897          -14401.5949607          300.622161865          0.0          
45.2434954812          -13312.6472897          -14401.6676807          300.622161865          2.0          
45.4952478407          -13312.6472897          -14401.7525207          300.622161865          2.0          
45.7470002003          -13312.6472897          -14401.8373607          300.622650146          0.0          
45.9987525599          -13312.6472897          -14401.9222007          300.622650146          1.0          
46.2505049195          -13312.6472897          -14402.0070407          300.622955322          3.0          
46.5022572791          -13312.6472897          -14402.0918807          300.622955322          2.0          
46.7540096387          -13312.6472897          -14402.1767207          300.622955322          0.0          
47.0057619983          -13312.6472897          -14402.2615607          300.623443604          0.0          
47.2575143579          -13312.6472897          -14402.3464007          300.623443604          1.0          
47.5092667175          -13312.6472897          -14402.4312407          300.623443604          1.0          
47.7610190771          -13312.6472897          -14402.5160807          300.623809814          2.0          
48.0127714367          -13312.6472897          -14402.6009207          300.623809814          1.0          
48.2645237963          -13312.6472897          -14402.6857607          300.623809814          2.0          
48.5162761559          -13312.6472897          -14402.7706007          300.624053955          0.0          
48.7680285155          -13312.6472897          -14402.8554407          300.624053955          1.0          
49.019780875          -13312.6472897          -14402.9402807          300.624053955          2.0          
49.2715332346          -13312.6472897          -14403.0251207          300.624206543          4.0          
49.5232855942          -13312.6472897          -14403.1099607          300.624206543          1.0          
49.7750379538          -13312.6472897          -14403.1948007          300.624206543          7.0          
50.0267903134          -13312.6472897          -14403.2796407          300.624847412          4.0          
50.2425780502          -13312.6472897          -14403.3523607          300.624847412          0.0          
50.4943304098          -13312.6472897          -14403.4372007          300.625274658          2.0          
50.7460827694          -13312.6472897          -14403.5220407          300.625274658          2.0          
50.997835129          -13312.6472897          -14403.6068807          300.625274658          3.0          
51.2495874886          -13312.6472897          -14403.6917207          300.625701904          1.0          
51.5013398482          -13312.6472897          -14403.7765607          300.625701904          3.0          
51.7530922078          -13312.6472897          -14403.8614007          300.625701904          0.0          
52.0048445674          -13312.6472897          -14403.9462407          300.62588501          1.0          
52.256596927          -13312.6472897          -14404.0310807          300.62588501          0.0          
52.5083492866          -13312.6472897          -14404.1159207          300.62588501          5.0          
52.7601016461          -13312.6472897          -14404.2007607          300.626159668          2.0          
53.0118540057          -13312.6472897          -14404.2856007          300.626159668          3.0          
53.2636063653          -13312.6472897          -14404.3704407          300.626159668          4.0          
53.5153587249          -13312.6472897          -14404.4552807          300.626525879          0.0          
53.7671110845          -13312.6472897          -14404.5401207          300.626525879          2.0          
54.0188634441          -13312.6472897          -14404.6249607          300.626525879          3.0          
54.2706158037          -13312.6472897          -14404.7098007          300.626953125          5.0          
54.5223681633          -13312.6472897          -14404.7946407          300.626953125          3.0          
54.7741205229          -13312.6472897          -14404.8794807          300.627075195          1.0          
55.0258728825          -13312.6472897          -14404.9643207          300.627075195          4.0          
55.2776252421          -13312.6472897          -14405.0491607          300.627075195          0.0          
55.4934129789          -13312.6472897          -14405.1218807          300.627593994          0.0          
55.7451653385          -13312.6472897          -14405.2067207          300.627593994          4.0          
55.9969176981          -13312.6472897          -14405.2915607          300.627593994          2.0          
56.2486700577          -13312.6472897          -14405.3764007          300.627990723          9.0          
56.5004224172          -13312.6472897          -14405.4612407          300.627990723          3.0          
56.7521747768          -13312.6472897          -14405.5460807          300.627990723          6.0          
57.0039271364          -13312.6472897          -14405.6309207          300.628295898          2.0          
57.255679496          -13312.6472897          -14405.7157607          300.628295898          3.0          
57.5074318556          -13312.6472897          -14405.8006007          300.628295898          4.0          
57.7591842152          -13312.6472897          -14405.8854407          300.62878418          9.0          
58.0109365748          -13312.6472897          -14405.9702807          300.62878418          7.0          
58.2626889344          -13312.6472897          -14406.0551207          300.62878418          3.0          
58.514441294          -13312.6472897          -14406.1399607          300.628845215          10.0          
58.7661936536          -13312.6472897          -14406.2248007          300.628845215          8.0          
59.0179460132          -13312.6472897          -14406.3096407          300.629333496          6.0          
59.2696983728          -13312.6472897          -14406.3944807          300.629333496          3.0          
59.5214507324          -13312.6472897          -14406.4793207          300.629333496          3.0          
59.773203092          -13312.6472897          -14406.5641607          300.629669189          7.0          
60.0249554515          -13312.6472897          -14406.6490007          300.629669189          3.0          
60.2767078111          -13312.6472897          -14406.7338407          300.629669189          6.0          
60.5284601707          -13312.6472897          -14406.8186807          300.630065918          2.0          
60.7442479075          -13312.6472897          -14406.8914007          300.630065918          10.0          
60.9960002671          -13312.6472897          -14406.9762407          300.630065918          1.0          
61.2477526267          -13312.6472897          -14407.0610807          300.630493164          9.0          
61.4995049863          -13312.6472897          -14407.1459207          300.630493164          7.0          
61.7512573459          -13312.6472897          -14407.2307607          300.630493164          11.0          
62.0030097055          -13312.6472897          -14407.3156007          300.630615234          6.0          
62.2547620651          -13312.6472897          -14407.4004407          300.630615234          4.0          
62.5065144247          -13312.6472897          -14407.4852807          300.630615234          4.0          
62.7582667843          -13312.6472897          -14407.5701207          300.630889893          3.0          
63.0100191439          -13312.6472897          -14407.6549607          300.630889893          7.0          
63.2617715035          -13312.6472897          -14407.7398007          300.630889893          2.0          
63.513523863          -13312.6472897          -14407.8246407          300.631225586          9.0          
63.7652762226          -13312.6472897          -14407.9094807          300.631225586          7.0          
64.0170285822          -13312.6472897          -14407.9943207          300.631591797          7.0          
64.2687809418          -13312.6472897          -14408.0791607          300.631591797          10.0          
64.5205333014          -13312.6472897          -14408.1640007          300.631591797          7.0          
64.772285661          -13312.6472897          -14408.2488407          300.632019043          7.0          
65.0240380206          -13312.6472897          -14408.3336807          300.632019043          13.0          
65.2757903802          -13312.6472897          -14408.4185207          300.632019043          4.0          
65.5275427398          -13312.6472897          -14408.5033607          300.632446289          5.0          
65.7433304766          -13312.6472897          -14408.5760807          300.632446289          13.0          
65.9950828362          -13312.6472897          -14408.6609207          300.632446289          8.0          
66.2468351958          -13312.6472897          -14408.7457607          300.632843018          11.0          
66.4985875554          -13312.6472897          -14408.8306007          300.632843018          14.0          
66.750339915          -13312.6472897          -14408.9154407          300.632843018          18.0          
67.0020922746          -13312.6472897          -14409.0002807          300.633178711          16.0          
67.2538446341          -13312.6472897          -14409.0851207          300.633178711          19.0          
67.5055969937          -13312.6472897          -14409.1699607          300.633178711          25.0          
67.7573493533          -13312.6472897          -14409.2548007          300.633361816          28.0          
68.0091017129          -13312.6472897          -14409.3396407          300.633361816          30.0          
68.2608540725          -13312.6472897          -14409.4244807          300.63369751          32.0          
68.5126064321          -13312.6472897          -14409.5093207          300.63369751          28.0          
68.7643587917          -13312.6472897          -14409.5941607          300.63369751          25.0          
69.0161111513          -13312.6472897          -14409.6790007          300.634002686          29.0          
69.2678635109          -13312.6472897          -14409.7638407          300.634002686          34.0          
69.5196158705          -13312.6472897          -14409.8486807          300.634002686          25.0          
69.7713682301          -13312.6472897          -14409.9335207          300.634521484          41.0          
70.0231205897          -13312.6472897          -14410.0183607          300.634521484          32.0          
70.2748729493          -13312.6472897          -14410.1032007          300.634521484          47.0          
70.5266253089          -13312.6472897          -14410.1880407          300.634613037          40.0          
70.7783776684          -13312.6472897          -14410.2728807          300.634613037          30.0          
70.9941654052          -13312.6472897          -14410.3456007          300.634613037          42.0          
71.2459177648          -13312.6472897          -14410.4304407          300.634979248          20.0          
71.4976701244          -13312.6472897          -14410.5152807          300.634979248          25.0          
71.749422484          -13312.6472897          -14410.6001207          300.634979248          26.0          
72.0011748436          -13312.6472897          -14410.6849607          300.635314941          24.0          
72.2529272032          -13312.6472897          -14410.7698007          300.635314941          35.0          
72.5046795628          -13312.6472897          -14410.8546407          300.635742188          21.0          
72.7564319224          -13312.6472897          -14410.9394807          300.635742188          18.0          
73.008184282          -13312.6472897          -14411.0243207          300.635742188          30.0          
73.2599366416          -13312.6472897          -14411.1091607          300.636016846          18.0          
73.5116890012          -13312.6472897          -14411.1940007          300.636016846          25.0          
73.7634413608          -13312.6472897          -14411.2788407          300.636016846          25.0          
74.0151937204          -13312.6472897          -14411.3636807          300.636260986          22.0          
74.26694608          -13312.6472897          -14411.4485207          300.636260986          19.0          
74.5186984395          -13312.6472897          -14411.5333607          300.636260986          15.0          
74.7704507991          -13312.6472897          -14411.6182007          300.636657715          18.0          
75.0222031587          -13312.6472897          -14411.7030407          300.636657715          22.0          
75.2739555183          -13312.6472897          -14411.7878807          300.636657715          13.0          
75.5257078779          -13312.6472897          -14411.8727207          300.637084961          19.0          
75.7774602375          -13312.6472897          -14411.9575607          300.637084961          15.0          
76.0292125971          -13312.6472897          -14412.0424007          300.637084961          15.0          
76.2450003339          -13312.6472897          -14412.1151207          300.637268066          16.0          
76.4967526935          -13312.6472897          -14412.1999607          300.637268066          23.0          
76.7485050531          -13312.6472897          -14412.2848007          300.637512207          25.0          
77.0002574127          -13312.6472897          -14412.3696407          300.637512207          23.0          
77.2520097723          -13312.6472897          -14412.4544807          300.637512207          15.0          
77.5037621319          -13312.6472897          -14412.5393207          300.6378479          26.0          
77.7555144915          -13312.6472897          -14412.6241607          300.6378479          21.0          
78.0072668511          -13312.6472897          -14412.7090007          300.6378479          38.0          
78.2590192106          -13312.6472897          -14412.7938407          300.637969971          39.0          
78.5107715702          -13312.6472897          -14412.8786807          300.637969971          37.0          
78.7625239298          -13312.6472897          -14412.9635207          300.637969971          43.0          
79.0142762894          -13312.6472897          -14413.0483607          300.638427734          53.0          
79.266028649          -13312.6472897          -14413.1332007          300.638427734          63.0          
79.5177810086          -13312.6472897          -14413.2180407          300.638427734          87.0          
79.7695333682          -13312.6472897          -14413.3028807          300.638580322          129.0          
80.0212857278          -13312.6472897          -14413.3877207          300.638580322          223.0          
80.2730380874          -13312.6472897          -14413.4725607          300.638580322          392.0          
80.524790447          -13312.6472897          -14413.5574007          300.639129639          579.0          
80.7765428066          -13312.6472897          -14413.6422407          300.639129639          823.0          
81.0282951662          -13312.6472897          -14413.7270807          300.639129639          815.0          
81.244082903          -13312.6472897          -14413.7998007          300.639221191          719.0          
81.4958352626          -13312.6472897          -14413.8846407          300.639221191          454.0          
81.7475876221          -13312.6472897          -14413.9694807          300.639526367          233.0          
81.9993399817          -13312.6472897          -14414.0543207          300.639526367          127.0          
82.2510923413          -13312.6472897          -14414.1391607          300.639526367          59.0          
82.5028447009          -13312.6472897          -14414.2240007          300.639892578          54.0          
82.7545970605          -13312.6472897          -14414.3088407          300.639892578          32.0          
83.0063494201          -13312.6472897          -14414.3936807          300.639892578          24.0          
83.2581017797          -13312.6472897          -14414.4785207          300.640106201          27.0          
83.5098541393          -13312.6472897          -14414.5633607          300.640106201          23.0          
83.7616064989          -13312.6472897          -14414.6482007          300.640106201          27.0          
84.0133588585          -13312.6472897          -14414.7330407          300.64050293          24.0          
84.2651112181          -13312.6472897          -14414.8178807          300.64050293          29.0          
84.5168635777          -13312.6472897          -14414.9027207          300.64050293          21.0          
84.7686159373          -13312.6472897          -14414.9875607          300.640808105          20.0          
85.0203682969          -13312.6472897          -14415.0724007          300.640808105          19.0          
85.2721206564          -13312.6472897          -14415.1572407          300.640808105          21.0          
85.523873016          -13312.6472897          -14415.2420807          300.641052246          21.0          
85.7756253756          -13312.6472897          -14415.3269207          300.641052246          16.0          
86.0273777352          -13312.6472897          -14415.4117607          300.641418457          16.0          
86.2791300948          -13312.6472897          -14415.4966007          300.641418457          23.0          
86.4949178316          -13312.6472897          -14415.5693207          300.641418457          23.0          
86.7466701912          -13312.6472897          -14415.6541607          300.64163208          27.0          
86.9984225508          -13312.6472897          -14415.7390007          300.64163208          19.0          
87.2501749104          -13312.6472897          -14415.8238407          300.64163208          25.0          
87.50192727          -13312.6472897          -14415.9086807          300.641845703          30.0          
87.7536796296          -13312.6472897          -14415.9935207          300.641845703          26.0          
88.0054319892          -13312.6472897          -14416.0783607          300.641845703          32.0          
88.2571843488          -13312.6472897          -14416.1632007          300.642333984          35.0          
88.5089367084          -13312.6472897          -14416.2480407          300.642333984          31.0          
88.760689068          -13312.6472897          -14416.3328807          300.642333984          31.0          
89.0124414275          -13312.6472897          -14416.4177207          300.642700195          36.0          
89.2641937871          -13312.6472897          -14416.5025607          300.642700195          35.0          
89.5159461467          -13312.6472897          -14416.5874007          300.642700195          30.0          
89.7676985063          -13312.6472897          -14416.6722407          300.642822266          34.0          
90.0194508659          -13312.6472897          -14416.7570807          300.642822266          43.0          
90.2712032255          -13312.6472897          -14416.8419207          300.643127441          31.0          
90.5229555851          -13312.6472897          -14416.9267607          300.643127441          31.0          
90.7747079447          -13312.6472897          -14417.0116007          300.643127441          36.0          
91.0264603043          -13312.6472897          -14417.0964407          300.6434021          44.0          
91.2782126639          -13312.6472897          -14417.1812807          300.6434021          58.0          
91.5299650235          -13312.6472897          -14417.2661207          300.6434021          50.0          
91.7457527603          -13312.6472897          -14417.3388407          300.64352417          61.0          
91.9975051199          -13312.6472897          -14417.4236807          300.64352417          72.0          
92.2492574795          -13312.6472897          -14417.5085207          300.64352417          53.0          
92.5010098391          -13312.6472897          -14417.5933607          300.644134521          60.0          
92.7527621986          -13312.6472897          -14417.6782007          300.644134521          45.0          
93.0045145582          -13312.6472897          -14417.7630407          300.644134521          66.0          
93.2562669178          -13312.6472897          -14417.8478807          300.644317627          47.0          
93.5080192774          -13312.6472897          -14417.9327207          300.644317627          44.0          
93.759771637          -13312.6472897          -14418.0175607          300.644317627          55.0          
94.0115239966          -13312.6472897          -14418.1024007          300.644561768          48.0          
94.2632763562          -13312.6472897          -14418.1872407          300.644561768          41.0          
94.5150287158          -13312.6472897          -14418.2720807          300.644989014          37.0          
94.7667810754          -13312.6472897          -14418.3569207          300.644989014          41.0          
95.018533435          -13312.6472897          -14418.4417607          300.644989014          26.0          
95.2702857946          -13312.6472897          -14418.5266007          300.645019531          27.0          
95.5220381542          -13312.6472897          -14418.6114407          300.645019531          11.0          
95.7737905138          -13312.6472897          -14418.6962807          300.645019531          15.0          
96.0255428734          -13312.6472897          -14418.7811207          300.64541626          17.0          
96.2772952329          -13312.6472897          -14418.8659607          300.64541626          16.0          
96.5290475925          -13312.6472897          -14418.9508007          300.64541626          15.0          
96.7448353293          -13312.6472897          -14419.0235207          300.645568848          10.0          
96.9965876889          -13312.6472897          -14419.1083607          300.645568848          17.0          
97.2483400485          -13312.6472897          -14419.1932007          300.645568848          13.0          
97.5000924081          -13312.6472897          -14419.2780407          300.645996094          10.0          
97.7518447677          -13312.6472897          -14419.3628807          300.645996094          6.0          
98.0035971273          -13312.6472897          -14419.4477207          300.645996094          16.0          
98.2553494869          -13312.6472897          -14419.5325607          300.64630127          13.0          
98.5071018465          -13312.6472897          -14419.6174007          300.64630127          12.0          
98.7588542061          -13312.6472897          -14419.7022407          300.64642334          12.0          
99.0106065657          -13312.6472897          -14419.7870807          300.64642334          12.0          
99.2623589253          -13312.6472897          -14419.8719207          300.64642334          10.0          
99.5141112849          -13312.6472897          -14419.9567607          300.646942139          8.0          
99.7658636444          -13312.6472897          -14420.0416007          300.646942139          5.0          
100.017616004          -13312.6472897          -14420.1264407          300.646942139          18.0          
100.269368364          -13312.6472897          -14420.2112807          300.647003174          12.0          
100.521120723          -13312.6472897          -14420.2961207          300.647003174          16.0          
100.772873083          -13312.6472897          -14420.3809607          300.647003174          9.0          
101.024625442          -13312.6472897          -14420.4658007          300.647491455          14.0          
101.276377802          -13312.6472897          -14420.5506407          300.647491455          10.0          
101.528130162          -13312.6472897          -14420.6354807          300.647491455          11.0          
101.779882521          -13312.6472897          -14420.7203207          300.64755249          5.0          
101.995670258          -13312.6472897          -14420.7930407          300.64755249          14.0          
102.247422618          -13312.6472897          -14420.8778807          300.64755249          8.0          
102.499174977          -13312.6472897          -14420.9627207          300.647735596          11.0          
102.750927337          -13312.6472897          -14421.0475607          300.647735596          11.0          
103.002679696          -13312.6472897          -14421.1324007          300.647735596          20.0          
103.254432056          -13312.6472897          -14421.2172407          300.648162842          19.0          
103.506184416          -13312.6472897          -14421.3020807          300.648162842          9.0          
103.757936775          -13312.6472897          -14421.3869207          300.648406982          10.0          
104.009689135          -13312.6472897          -14421.4717607          300.648406982          12.0          
104.261441494          -13312.6472897          -14421.5566007          300.648406982          10.0          
104.513193854          -13312.6472897          -14421.6414407          300.64855957          12.0          
104.764946214          -13312.6472897          -14421.7262807          300.64855957          4.0          
105.016698573          -13312.6472897          -14421.8111207          300.64855957          8.0          
105.268450933          -13312.6472897          -14421.8959607          300.649017334          11.0          
105.520203292          -13312.6472897          -14421.9808007          300.649017334          6.0          
105.771955652          -13312.6472897          -14422.0656407          300.649017334          10.0          
106.023708011          -13312.6472897          -14422.1504807          300.649078369          7.0          
106.275460371          -13312.6472897          -14422.2353207          300.649078369          8.0          
106.527212731          -13312.6472897          -14422.3201607          300.649078369          10.0          
106.77896509          -13312.6472897          -14422.4050007          300.649353027          7.0          
107.03071745          -13312.6472897          -14422.4898407          300.649353027          10.0          
107.246505187          -13312.6472897          -14422.5625607          300.649353027          8.0          
107.498257546          -13312.6472897          -14422.6474007          300.649841309          8.0          
107.750009906          -13312.6472897          -14422.7322407          300.649841309          8.0          
108.001762265          -13312.6472897          -14422.8170807          300.649963379          11.0          
108.253514625          -13312.6472897          -14422.9019207          300.649963379          8.0          
108.505266985          -13312.6472897          -14422.9867607          300.649963379          15.0          
108.757019344          -13312.6472897          -14423.0716007          300.650268555          10.0          
109.008771704          -13312.6472897          -14423.1564407          300.650268555          11.0          
109.260524063          -13312.6472897          -14423.2412807          300.650268555          5.0          
109.512276423          -13312.6472897          -14423.3261207          300.650604248          15.0          
109.764028783          -13312.6472897          -14423.4109607          300.650604248          9.0          
110.015781142          -13312.6472897          -14423.4958007          300.650604248          9.0          
110.267533502          -13312.6472897          -14423.5806407          300.650665283          6.0          
110.519285861          -13312.6472897          -14423.6654807          300.650665283          9.0          
110.771038221          -13312.6472897          -14423.7503207          300.650665283          7.0          
111.022790581          -13312.6472897          -14423.8351607          300.650939941          8.0          
111.27454294          -13312.6472897          -14423.9200007          300.650939941          8.0          
111.5262953          -13312.6472897          -14424.0048407          300.650939941          6.0          
111.778047659          -13312.6472897          -14424.0896807          300.65133667          5.0          
112.029800019          -13312.6472897          -14424.1745207          300.65133667          5.0          
112.245587756          -13312.6472897          -14424.2472407          300.651489258          5.0          
112.497340115          -13312.6472897          -14424.3320807          300.651489258          6.0          
112.749092475          -13312.6472897          -14424.4169207          300.651489258          4.0          
113.000844834          -13312.6472897          -14424.5017607          300.651733398          4.0          
113.252597194          -13312.6472897          -14424.5866007          300.651733398          4.0          
113.504349554          -13312.6472897          -14424.6714407          300.651733398          7.0          
113.756101913          -13312.6472897          -14424.7562807          300.652252197          3.0          
114.007854273          -13312.6472897          -14424.8411207          300.652252197          8.0          
114.259606632          -13312.6472897          -14424.9259607          300.652252197          1.0          
114.511358992          -13312.6472897          -14425.0108007          300.652069092          6.0          
114.763111352          -13312.6472897          -14425.0956407          300.652069092          5.0          
115.014863711          -13312.6472897          -14425.1804807          300.652069092          6.0          
115.266616071          -13312.6472897          -14425.2653207          300.652618408          6.0          
115.51836843          -13312.6472897          -14425.3501607          300.652618408          0.0          
115.77012079          -13312.6472897          -14425.4350007          300.652618408          3.0          
116.02187315          -13312.6472897          -14425.5198407          300.652954102          3.0          
116.273625509          -13312.6472897          -14425.6046807          300.652954102          3.0          
116.525377869          -13312.6472897          -14425.6895207          300.653106689          4.0          
116.777130228          -13312.6472897          -14425.7743607          300.653106689          2.0          
117.028882588          -13312.6472897          -14425.8592007          300.653106689          4.0          
117.280634948          -13312.6472897          -14425.9440407          300.653198242          4.0          
117.496422684          -13312.6472897          -14426.0167607          300.653198242          2.0          
117.748175044          -13312.6472897          -14426.1016007          300.653198242          1.0          
117.999927404          -13312.6472897          -14426.1864407          300.653564453          2.0          
118.251679763          -13312.6472897          -14426.2712807          300.653564453          4.0          
118.503432123          -13312.6472897          -14426.3561207          300.653564453          3.0          
118.755184482          -13312.6472897          -14426.4409607          300.653869629          3.0          
119.006936842          -13312.6472897          -14426.5258007          300.653869629          5.0          
119.258689202          -13312.6472897          -14426.6106407          300.653869629          2.0          
119.510441561          -13312.6472897          -14426.6954807          300.65411377          3.0          
119.762193921          -13312.6472897          -14426.7803207          300.65411377          4.0          
120.01394628          -13312.6472897          -14426.8651607          300.65411377          4.0          
120.26569864          -13312.6472897          -14426.9500007          300.654327393          2.0          
120.517450999          -13312.6472897          -14427.0348407          300.654327393          0.0          
120.769203359          -13312.6472897          -14427.1196807          300.654327393          3.0          
121.020955719          -13312.6472897          -14427.2045207          300.65447998          4.0          
121.272708078          -13312.6472897          -14427.2893607          300.65447998          2.0          
121.524460438          -13312.6472897          -14427.3742007          300.654815674          2.0          
121.776212797          -13312.6472897          -14427.4590407          300.654815674          4.0          
122.027965157          -13312.6472897          -14427.5438807          300.654815674          1.0          
122.279717517          -13312.6472897          -14427.6287207          300.655059814          1.0          
122.531469876          -13312.6472897          -14427.7135607          300.655059814          3.0          
122.747257613          -13312.6472897          -14427.7862807          300.655059814          1.0          
122.999009973          -13312.6472897          -14427.8711207          300.655273438          1.0          
123.250762332          -13312.6472897          -14427.9559607          300.655273438          3.0          
123.502514692          -13312.6472897          -14428.0408007          300.655273438          5.0          
123.754267051          -13312.6472897          -14428.1256407          300.655456543          1.0          
124.006019411          -13312.6472897          -14428.2104807          300.655456543          3.0          
124.257771771          -13312.6472897          -14428.2953207          300.655456543          3.0          
124.50952413          -13312.6472897          -14428.3801607          300.655822754          2.0          
124.76127649          -13312.6472897          -14428.4650007          300.655822754          2.0          
125.013028849          -13312.6472897          -14428.5498407          300.655822754          3.0          
125.264781209          -13312.6472897          -14428.6346807          300.656097412          0.0          
125.516533569          -13312.6472897          -14428.7195207          300.656097412          4.0          
125.768285928          -13312.6472897          -14428.8043607          300.656280518          2.0          
126.020038288          -13312.6472897          -14428.8892007          300.656280518          3.0          
126.271790647          -13312.6472897          -14428.9740407          300.656280518          1.0          
126.523543007          -13312.6472897          -14429.0588807          300.656707764          2.0          
126.775295367          -13312.6472897          -14429.1437207          300.656707764          0.0          
127.027047726          -13312.6472897          -14429.2285607          300.656707764          5.0          
127.278800086          -13312.6472897          -14429.3134007          300.657012939          2.0          
127.530552445          -13312.6472897          -14429.3982407          300.657012939          0.0          
127.746340182          -13312.6472897          -14429.4709607          300.657012939          1.0          
127.998092542          -13312.6472897          -14429.5558007          300.657012939          0.0          
128.249844901          -13312.6472897          -14429.6406407          300.657012939          1.0          
128.501597261          -13312.6472897          -14429.7254807          300.657012939          0.0          
128.75334962          -13312.6472897          -14429.8103207          300.65725708          2.0          
129.00510198          -13312.6472897          -14429.8951607          300.65725708          1.0          
129.25685434          -13312.6472897          -14429.9800007          300.65725708          0.0          
129.508606699          -13312.6472897          -14430.0648407          300.657836914          4.0          
129.760359059          -13312.6472897          -14430.1496807          300.657836914          3.0          
130.012111418          -13312.6472897          -14430.2345207          300.657745361          3.0          
130.263863778          -13312.6472897          -14430.3193607          300.657745361          4.0          
130.515616138          -13312.6472897          -14430.4042007          300.657745361          2.0          
130.767368497          -13312.6472897          -14430.4890407          300.658111572          2.0          
131.019120857          -13312.6472897          -14430.5738807          300.658111572          3.0          
131.270873216          -13312.6472897          -14430.6587207          300.658111572          0.0          
131.522625576          -13312.6472897          -14430.7435607          300.658447266          1.0          
131.774377936          -13312.6472897          -14430.8284007          300.658447266          2.0          
132.026130295          -13312.6472897          -14430.9132407          300.658447266          0.0          
132.277882655          -13312.6472897          -14430.9980807          300.658630371          1.0          
132.529635014          -13312.6472897          -14431.0829207          300.658630371          0.0          
132.781387374          -13312.6472897          -14431.1677607          300.658630371          1.0          
132.997175111          -13312.6472897          -14431.2404807          300.658843994          0.0          
133.24892747          -13312.6472897          -14431.3253207          300.658843994          0.0          
133.50067983          -13312.6472897          -14431.4101607          300.658843994          2.0          
133.75243219          -13312.6472897          -14431.4950007          300.659088135          0.0          
134.004184549          -13312.6472897          -14431.5798407          300.659088135          0.0          
134.255936909          -13312.6472897          -14431.6646807          300.659454346          0.0          
134.507689268          -13312.6472897          -14431.7495207          300.659454346          0.0          
134.759441628          -13312.6472897          -14431.8343607          300.659454346          1.0          
135.011193987          -13312.6472897          -14431.9192007          300.659637451          1.0          
135.262946347          -13312.6472897          -14432.0040407          300.659637451          0.0          
135.514698707          -13312.6472897          -14432.0888807          300.659637451          0.0          
135.766451066          -13312.6472897          -14432.1737207          300.659729004          0.0          
136.018203426          -13312.6472897          -14432.2585607          300.659729004          0.0          
136.269955785          -13312.6472897          -14432.3434007          300.659729004          1.0          
136.521708145          -13312.6472897          -14432.4282407          300.660095215          0.0          
136.773460505          -13312.6472897          -14432.5130807          300.660095215          1.0          
137.025212864          -13312.6472897          -14432.5979207          300.660095215          0.0          
137.276965224          -13312.6472897          -14432.6827607          300.660369873          0.0          
137.528717583          -13312.6472897          -14432.7676007          300.660369873          1.0          
137.780469943          -13312.6472897          -14432.8524407          300.660369873          0.0          
137.99625768          -13312.6472897          -14432.9251607          300.660644531          0.0          
138.248010039          -13312.6472897          -14433.0100007          300.660644531          1.0          
138.499762399          -13312.6472897          -14433.0948407          300.660644531          1.0          
138.751514759          -13312.6472897          -14433.1796807          300.660644531          0.0          
139.003267118          -13312.6472897          -14433.2645207          300.660644531          1.0          
139.255019478          -13312.6472897          -14433.3493607          300.660858154          0.0          
139.506771837          -13312.6472897          -14433.4342007          300.660858154          0.0          
139.758524197          -13312.6472897          -14433.5190407          300.660858154          0.0          
140.010276557          -13312.6472897          -14433.6038807          300.661193848          0.0          
140.262028916          -13312.6472897          -14433.6887207          300.661193848          0.0          
140.513781276          -13312.6472897          -14433.7735607          300.661193848          1.0          
140.765533635          -13312.6472897          -14433.8584007          300.661407471          0.0          
141.017285995          -13312.6472897          -14433.9432407          300.661407471          2.0          
141.269038355          -13312.6472897          -14434.0280807          300.661407471          0.0          
141.520790714          -13312.6472897          -14434.1129207          300.661590576          0.0          
141.772543074          -13312.6472897          -14434.1977607          300.661590576          1.0          
142.024295433          -13312.6472897          -14434.2826007          300.661590576          1.0          
142.276047793          -13312.6472897          -14434.3674407          300.661865234          0.0          
142.527800152          -13312.6472897          -14434.4522807          300.661865234          0.0          
142.779552512          -13312.6472897          -14434.5371207          300.662139893          0.0          
143.031304872          -13312.6472897          -14434.6219607          300.662139893          0.0          
143.247092608          -13312.6472897          -14434.6946807          300.662139893          1.0          
143.498844968          -13312.6472897          -14434.7795207          300.662475586          1.0          
143.750597328          -13312.6472897          -14434.8643607          300.662475586          0.0          
144.002349687          -13312.6472897          -14434.9492007          300.662475586          1.0          
144.254102047          -13312.6472897          -14435.0340407          300.662567139          0.0          
144.505854406          -13312.6472897          -14435.1188807          300.662567139          0.0          
144.757606766          -13312.6472897          -14435.2037207          300.662567139          0.0          
145.009359126          -13312.6472897          -14435.2885607          300.662902832          0.0          
145.261111485          -13312.6472897          -14435.3734007          300.662902832          0.0          
145.512863845          -13312.6472897          -14435.4582407          300.662902832          0.0          
145.764616204          -13312.6472897          -14435.5430807          300.663146973          0.0          
146.016368564          -13312.6472897          -14435.6279207          300.663146973          0.0          
146.268120924          -13312.6472897          -14435.7127607          300.663146973          0.0          
146.519873283          -13312.6472897          -14435.7976007          300.663299561          0.0          
146.771625643          -13312.6472897          -14435.8824407          300.663299561          1.0          
147.023378002          -13312.6472897          -14435.9672807          300.663299561          0.0          
147.275130362          -13312.6472897          -14436.0521207          300.663574219          1.0          
147.526882722          -13312.6472897          -14436.1369607          300.663574219          0.0          
147.778635081          -13312.6472897          -14436.2218007          300.663818359          0.0          
148.030387441          -13312.6472897          -14436.3066407          300.663818359          0.0          
148.2821398          -13312.6472897          -14436.3914807          300.663818359          0.0          
148.497927537          -13312.6472897          -14436.4642007          300.663909912          0.0          
148.749679897          -13312.6472897          -14436.5490407          300.663909912          0.0          
149.001432256          -13312.6472897          -14436.6338807          300.663909912          0.0          
149.253184616          -13312.6472897          -14436.7187207          300.664093018          0.0          
149.504936975          -13312.6472897          -14436.8035607          300.664093018          0.0          
149.756689335          -13312.6472897          -14436.8884007          300.664093018          0.0          
150.008441695          -13312.6472897          -14436.9732407          300.664611816          1.0          
150.260194054          -13312.6472897          -14437.0580807          300.664611816          0.0          
150.511946414          -13312.6472897          -14437.1429207          300.664611816          0.0          
150.763698773          -13312.6472897          -14437.2277607          300.664611816          0.0          
151.015451133          -13312.6472897          -14437.3126007          300.664611816          0.0          
151.267203493          -13312.6472897          -14437.3974407          300.664611816          1.0          
151.518955852          -13312.6472897          -14437.4822807          300.664886475          0.0          
151.770708212          -13312.6472897          -14437.5671207          300.664886475          0.0          
152.022460571          -13312.6472897          -14437.6519607          300.665008545          1.0          
152.274212931          -13312.6472897          -14437.7368007          300.665008545          0.0          
152.525965291          -13312.6472897          -14437.8216407          300.665008545          0.0          
152.77771765          -13312.6472897          -14437.9064807          300.665435791          1.0          
153.02947001          -13312.6472897          -14437.9913207          300.665435791          0.0          
153.281222369          -13312.6472897          -14438.0761607          300.665435791          0.0          
153.497010106          -13312.6472897          -14438.1488807          300.665710449          1.0          
153.748762466          -13312.6472897          -14438.2337207          300.665710449          0.0          
154.000514825          -13312.6472897          -14438.3185607          300.665710449          0.0          
154.252267185          -13312.6472897          -14438.4034007          300.665924072          0.0          
154.504019545          -13312.6472897          -14438.4882407          300.665924072          0.0          
154.755771904          -13312.6472897          -14438.5730807          300.665924072          0.0          
155.007524264          -13312.6472897          -14438.6579207          300.66607666          0.0          
155.259276623          -13312.6472897          -14438.7427607          300.66607666          1.0          
155.511028983          -13312.6472897          -14438.8276007          300.66607666          0.0          
155.762781343          -13312.6472897          -14438.9124407          300.66619873          0.0          
156.014533702          -13312.6472897          -14438.9972807          300.66619873          3.0          
156.266286062          -13312.6472897          -14439.0821207          300.666534424          0.0          
156.518038421          -13312.6472897          -14439.1669607          300.666534424          0.0          
156.769790781          -13312.6472897          -14439.2518007          300.666534424          0.0          
157.02154314          -13312.6472897          -14439.3366407          300.666717529          0.0          
157.2732955          -13312.6472897          -14439.4214807          300.666717529          2.0          
157.52504786          -13312.6472897          -14439.5063207          300.666717529          0.0          
157.776800219          -13312.6472897          -14439.5911607          300.66708374          0.0          
158.028552579          -13312.6472897          -14439.6760007          300.66708374          0.0          
158.280304938          -13312.6472897          -14439.7608407          300.66708374          2.0          
158.532057298          -13312.6472897          -14439.8456807          300.667114258          1.0          
158.747845035          -13312.6472897          -14439.9184007          300.667114258          0.0          
158.999597394          -13312.6472897          -14440.0032407          300.667114258          0.0          
159.251349754          -13312.6472897          -14440.0880807          300.667327881          1.0          
159.503102114          -13312.6472897          -14440.1729207          300.667327881          0.0          
159.754854473          -13312.6472897          -14440.2577607          300.667327881          0.0          
160.006606833          -13312.6472897          -14440.3426007          300.667480469          0.0          
