scan_0008.mda
%<label for="sbool">signal</label>= Column: 1
0.0          
0.0          
0.0          
0.0          
0.0          
0.0          
1.0          
1.0          
0.0          
1.0          
0.0          
1.0          
1.0          
1.0          
0.0          
0.0          
0.0          
0.0          
0.0          
1.0          
1.0          
0.0          
0.0          
0.0          
0.0          
0.0          
0.0          
1.0          
0.0          
0.0          
0.0          
0.0          
0.0          
0.0          
0.0          
0.0          
0.0          
0.0          
0.0          
0.0          
0.0          
0.0          
0.0          
1.0          
0.0          
0.0          
0.0          
0.0          
1.0          
1.0          
1.0          
0.0          
0.0          
0.0          
1.0          
1.0          
0.0          
0.0          
0.0          
0.0          
0.0          
0.0          
0.0          
0.0          
1.0          
1.0          
0.0          
0.0          
1.0          
1.0          
1.0          
0.0          
0.0          
0.0          
0.0          
1.0          
0.0          
0.0          
0.0          
0.0          
0.0          
0.0          
0.0          
0.0          
0.0          
0.0          
0.0          
0.0          
1.0          
0.0          
0.0          
1.0          
0.0          
0.0          
0.0          
1.0          
0.0          
0.0          
0.0          
0.0          
0.0          
2.0          
0.0          
0.0          
0.0          
0.0          
0.0          
0.0          
0.0          
0.0          
0.0          
0.0          
1.0          
0.0          
2.0          
1.0          
0.0          
0.0          
1.0          
0.0          
0.0          
0.0          
0.0          
1.0          
0.0          
1.0          
1.0          
0.0          
1.0          
0.0          
1.0          
0.0          
0.0          
0.0          
1.0          
0.0          
2.0          
1.0          
0.0          
2.0          
0.0          
1.0          
0.0          
0.0          
1.0          
0.0          
1.0          
0.0          
0.0          
1.0          
0.0          
0.0          
0.0          
1.0          
0.0          
1.0          
1.0          
2.0          
4.0          
0.0          
2.0          
1.0          
1.0          
1.0          
0.0          
1.0          
0.0          
0.0          
0.0          
1.0          
1.0          
0.0          
2.0          
1.0          
1.0          
0.0          
0.0          
0.0          
0.0          
0.0          
0.0          
2.0          
2.0          
0.0          
1.0          
3.0          
2.0          
0.0          
0.0          
1.0          
1.0          
2.0          
1.0          
2.0          
0.0          
1.0          
2.0          
4.0          
1.0          
7.0          
4.0          
0.0          
2.0          
2.0          
3.0          
1.0          
3.0          
0.0          
1.0          
0.0          
5.0          
2.0          
3.0          
4.0          
0.0          
2.0          
3.0          
5.0          
3.0          
1.0          
4.0          
0.0          
0.0          
4.0          
2.0          
9.0          
3.0          
6.0          
2.0          
3.0          
4.0          
9.0          
7.0          
3.0          
10.0          
8.0          
6.0          
3.0          
3.0          
7.0          
3.0          
6.0          
2.0          
10.0          
1.0          
9.0          
7.0          
11.0          
6.0          
4.0          
4.0          
3.0          
7.0          
2.0          
9.0          
7.0          
7.0          
10.0          
7.0          
7.0          
13.0          
4.0          
5.0          
13.0          
8.0          
11.0          
14.0          
18.0          
16.0          
19.0          
25.0          
28.0          
30.0          
32.0          
28.0          
25.0          
29.0          
34.0          
25.0          
41.0          
32.0          
47.0          
40.0          
30.0          
42.0          
20.0          
25.0          
26.0          
24.0          
35.0          
21.0          
18.0          
30.0          
18.0          
25.0          
25.0          
22.0          
19.0          
15.0          
18.0          
22.0          
13.0          
19.0          
15.0          
15.0          
16.0          
23.0          
25.0          
23.0          
15.0          
26.0          
21.0          
38.0          
39.0          
37.0          
43.0          
53.0          
63.0          
87.0          
129.0          
223.0          
392.0          
579.0          
823.0          
815.0          
719.0          
454.0          
233.0          
127.0          
59.0          
54.0          
32.0          
24.0          
27.0          
23.0          
27.0          
24.0          
29.0          
21.0          
20.0          
19.0          
21.0          
21.0          
16.0          
16.0          
23.0          
23.0          
27.0          
19.0          
25.0          
30.0          
26.0          
32.0          
35.0          
31.0          
31.0          
36.0          
35.0          
30.0          
34.0          
43.0          
31.0          
31.0          
36.0          
44.0          
58.0          
50.0          
61.0          
72.0          
53.0          
60.0          
45.0          
66.0          
47.0          
44.0          
55.0          
48.0          
41.0          
37.0          
41.0          
26.0          
27.0          
11.0          
15.0          
17.0          
16.0          
15.0          
10.0          
17.0          
13.0          
10.0          
6.0          
16.0          
13.0          
12.0          
12.0          
12.0          
10.0          
8.0          
5.0          
18.0          
12.0          
16.0          
9.0          
14.0          
10.0          
11.0          
5.0          
14.0          
8.0          
11.0          
11.0          
20.0          
19.0          
9.0          
10.0          
12.0          
10.0          
12.0          
4.0          
8.0          
11.0          
6.0          
10.0          
7.0          
8.0          
10.0          
7.0          
10.0          
8.0          
8.0          
8.0          
11.0          
8.0          
15.0          
10.0          
11.0          
5.0          
15.0          
9.0          
9.0          
6.0          
9.0          
7.0          
8.0          
8.0          
6.0          
5.0          
5.0          
5.0          
6.0          
4.0          
4.0          
4.0          
7.0          
3.0          
8.0          
1.0          
6.0          
5.0          
6.0          
6.0          
0.0          
3.0          
3.0          
3.0          
4.0          
2.0          
4.0          
4.0          
2.0          
1.0          
2.0          
4.0          
3.0          
3.0          
5.0          
2.0          
3.0          
4.0          
4.0          
2.0          
0.0          
3.0          
4.0          
2.0          
2.0          
4.0          
1.0          
1.0          
3.0          
1.0          
1.0          
3.0          
5.0          
1.0          
3.0          
3.0          
2.0          
2.0          
3.0          
0.0          
4.0          
2.0          
3.0          
1.0          
2.0          
0.0          
5.0          
2.0          
0.0          
1.0          
0.0          
1.0          
0.0          
2.0          
1.0          
0.0          
4.0          
3.0          
3.0          
4.0          
2.0          
2.0          
3.0          
0.0          
1.0          
2.0          
0.0          
1.0          
0.0          
1.0          
0.0          
0.0          
2.0          
0.0          
0.0          
0.0          
0.0          
1.0          
1.0          
0.0          
0.0          
0.0          
0.0          
1.0          
0.0          
1.0          
0.0          
0.0          
1.0          
0.0          
0.0          
1.0          
1.0          
0.0          
1.0          
0.0          
0.0          
0.0          
0.0          
0.0          
1.0          
0.0          
2.0          
0.0          
0.0          
1.0          
1.0          
0.0          
0.0          
0.0          
0.0          
1.0          
1.0          
0.0          
1.0          
0.0          
0.0          
0.0          
0.0          
0.0          
0.0          
0.0          
0.0          
0.0          
0.0          
1.0          
0.0          
1.0          
0.0          
0.0          
0.0          
0.0          
0.0          
0.0          
0.0          
0.0          
0.0          
0.0          
1.0          
0.0          
0.0          
0.0          
0.0          
1.0          
0.0          
0.0          
1.0          
0.0          
0.0          
1.0          
0.0          
0.0          
1.0          
0.0          
0.0          
0.0          
0.0          
0.0          
0.0          
1.0          
0.0          
0.0          
3.0          
0.0          
0.0          
0.0          
0.0          
2.0          
0.0          
0.0          
0.0          
2.0          
1.0          
0.0          
0.0          
1.0          
0.0          
0.0          
0.0          
